--
[0, -0.5000000000000004, 0, -2, 0, 2, 0, 0, -0.5000000000000004, 0, -2, 0, 2, 0]
[-1.000073659934811, -1.187121951881064, 1.933664745770593, -2.193443467682356, 0.9968649696008548, 2.38315027368815, 0.03776975347548509, 0.006856322968444779, -0.4877340074610829, 0.028655691939668, -2.005657548687754, -0.003950202523991067, 2.010073009479042, -0.01037752146897409]
[0.3522279825604791, -0.9050884268990035, -0.7459730397811295, -1.942880943262975, -0.4707198162506965, 1.908982460807837, -0.02300529618993856, -0.730364769996357, -0.8358290191965148, 1.151664893941384, -1.627720632979045, 0.4396522903138392, 1.961345041519206, 0.100120559120792]
[0.0259772453944021, -0.536104681165213, -0.02796798163691137, -1.993813963911934, 0.01432244990358058, 2.011944871878665, 0.01896237154155066, -0.02750152107552445, 0.3878724801736222, -0.0003645380400487743, -2.326871549239136, -1.006957250225774, 3.000203811230031, -0.1001870908800995]
--
[0, -0.5000000000000004, 0, -2, 0, 2, 0, 0, -0.5000000000000004, 0, -2, 0, 2, 0]
[-1.000035471022234, -1.114632448948032, 1.963921039531063, -2.263457598761482, 1.097495192615695, 2.496754410139659, -0.08029948872199592, -0.005989799982391511, -0.4833137480428586, -0.006720626706936482, -1.990206590570192, 0.01547868412611271, 1.992924720379853, 0.006772342029062627]
[0.8348737872087103, -1.262515502633485, -1.054361807426831, -1.729587690195783, -0.4983856118553399, 2.183225660221198, -0.1000401798379353, -0.7629220871639895, -0.6868363676065483, 0.929255507899901, -1.840136056279704, 1.24949904043434, 2.051290405099461, 0.1000086070685541]
[0.008432026741343277, -0.4944054795845407, -0.0289237868955643, -2.029510391489796, 0.01085121512106049, 1.987558552675892, -0.01415149401596544, 0.2826276650251432, 0.6020672787660164, -0.1657391572670518, -1.824859714685034, 0.09159979795312573, 2.069122630687384, -0.09999069655253516]
