--
[0, -0.5000000000000004, 0, -2, 0, 2, 0, 0, -0.5000000000000004, 0, -2, 0, 2, 0]
[-0.3839810380511249, 0.3598360060305236, 0.8045907319707085, -2.590974597013038, 0.22317080788039, 3.000181672359366, 0.01072992527723815, -0.009730608683144942, -0.508241302849377, -0.01140639814312838, -2.015965279216422, 0.007196745019935227, 2.004419998693415, -0.004665770146364431]
[0.866282786136832, -1.21526086066379, -1.299211976605394, -1.473146390537419, 0.707346994099128, 1.702395949617318, 0.07014410913382907, -0.6470803488020758, -0.5728217438810256, 0.8827233858730025, -1.400289364541427, 1.076329783159781, 2.084298795232848, 0.1002739096974374]
[0.006449927918041391, -0.4951380303773952, 0.006421395417936845, -2.007981308248671, 0.003246107068509604, 1.998043429366238, -0.0005872135708022363, 0.2087641673515392, 0.6369882368070637, 0.2276356783545025, -1.798764127209566, -0.580771839441148, 2.032214394111526, -0.1002562286332907]
--
[0, -0.5000000000000004, 0, -2, 0, 2, 0, 0, -0.5000000000000004, 0, -2, 0, 2, 0]
[-0.390290811243262, 0.387647270397323, 0.8032172267775265, -2.560168057336653, 0.3832330751759935, 2.998242765888462, 0.05975551034589151, 0.003978029055658579, -0.4794325842221162, 0.005786213467640779, -2.008562893906141, 0.008303124252407606, 2.012163541010012, -0.005276555543737975]
[0.8932977155429358, -1.175077268160031, -1.30251994511864, -1.441202708665918, 0.720855619278481, 1.56580980852165, 0.001896557086634865, -0.5035907404111681, -0.3984099040340633, 1.001464146474742, -1.421168870158372, 1.162005743726877, 2.180078746740103, 0.09624371501322745]
[-0.01118874655166805, -0.4989539159985792, -0.002205949725056904, -2.01585482044385, 0.001092544995997589, 1.98992431750596, 0.01181308025736473, 0.1324517875175045, 0.7155661381588252, 0.07790603814359791, -1.618603620715133, -0.119209170703794, 1.843340873259282, -0.09666085832753427]
