--
[0, -0.5000000000000004, 0, -2, 0, 2, 0, 0, -0.5000000000000004, 0, -2, 0, 2, 0]
[1.000693329654887, 0.7660042872090822, -0.5372114227970298, -1.695986894556303, 0.8579925996045813, 2.149401937468562, 0.117493380721187, 0.01911149461732677, -0.5541060060183246, 0.0457852729120641, -1.978923308131717, -0.03126353389630618, 2.020928982944736, -0.04378244314574024]
[0.9698904053352443, -1.166077072296417, -0.6022193347189587, -1.672299812360006, -0.2049091503320234, 0.6348889849929249, -0.1020486949569622, -0.2725990868806448, -0.5279115741550195, 1.247355010892463, -1.712782069774022, 0.7859721749426698, 1.972972527988611, 0.1005459524844111]
[-0.002451795675737554, -0.5014988966772221, 0.04744138894988939, -1.963465718326978, -0.01015317497634443, 1.885935783109304, -0.00385681889784255, -1.001097319058248, 0.3163652490013758, 0.8637103922444695, -2.727877254935748, -0.1718532901521815, 3.01060264127692, -0.1005556249351547]
--
[0, -0.5000000000000004, 0, -2, 0, 2, 0, 0, -0.5000000000000004, 0, -2, 0, 2, 0]
[-0.376145244110806, 0.3556360093968836, 0.8131089065224852, -2.589963506224596, 0.4754896399111351, 3.000210055065904, 0.02318708671661695, 0.006613379459433423, -0.4874880349571739, -0.002210917925186857, -2.000683169996747, 0.008907504558715426, 1.995613101358531, 0.005092036746354025]
[0.864562271930135, -1.200935281640481, -1.318653885509132, -1.523947417943466, 0.6471529617143179, 1.632533023336873, -0.05076892588897374, -0.5352723726516929, -0.4603809501088352, 0.9744495626333818, -1.554536267879249, 1.113847752312743, 2.136477860210948, 0.1041625344076288]
[-0.009245062035934965, -0.4906245058596647, -0.001615970828418743, -2.015497744737984, -0.009103424450374374, 1.996074022642953, -0.0001986282587949918, 0.1796413848225172, 0.7175511483711288, -0.007840972273024816, -1.617342174941935, -0.1832362716957646, 1.814183704070077, -0.1070965160571655]
