--
[0, -0.5000000000000004, 0, -2, 0, 2, 0, 0, -0.5000000000000004, 0, -2, 0, 2, 0]
[-1.000656935655357, -1.262943105822345, 1.88431379168538, -2.145979495390405, 1.053920919048531, 2.256541652487395, 0.1000456051254331, 0.002999849731762454, -0.4959274162555293, -0.002952887646305232, -2.011069456141999, 0.003676311247215262, 2.014360670879268, 0.02887425878453105]
[0.506465980267205, -1.055031394282126, -0.729638802057118, -2.089735314114706, -0.6951602518352009, 1.816310373477411, -0.1000878031873372, -0.7033257356456137, -0.8364772428913794, 1.244054644643105, -1.677859942649089, 0.7814037212337307, 1.944962491967613, 0.1000635989103848]
[0.03533376135016832, -0.4966043795580171, 0.00584148162219269, -1.988349050200172, 0.04532959270092334, 2.047154637775591, 0.002469275795606953, -0.8287233565728107, 0.2835494183131023, 0.6827940222745845, -2.675684653958041, -0.7220935457488197, 3.000952883202989, -0.1002842402549965]
--
[0, -0.5000000000000004, 0, -2, 0, 2, 0, 0, -0.5000000000000004, 0, -2, 0, 2, 0]
[-1.000563179315098, -1.161638006233903, 1.950123090112191, -2.209228896267102, 0.9765652617732893, 2.44009947545368, -0.001558345833939328, -0.01852985744490074, -0.5104891720524645, 0.01974046726146605, -2.01028210396358, -0.01029259181719173, 1.968020288918092, 0.02666894336243312]
[0.3633332237238153, -0.7912961574239294, -0.7563609541069464, -1.882167243378566, -0.3929009196211896, 1.756731676330634, -0.06905561002259566, -0.8224578930624586, -0.733080951776869, 1.295800886946048, -1.57894154840463, 0.4985884104326901, 1.890543453363684, 0.1013340897044032]
[0.009816382245030305, -0.4702586690557642, 0.01728261890034467, -2.012764332143401, 0.02776426511512774, 1.988157253245005, 0.00961827018495885, 0.06121441495052587, 0.4002973128992273, -0.08256527715952244, -2.303079047479768, -1.038478105319547, 3.003506363787666, -0.1002388999819566]
