--
[0, -0.5000000000000004, 0, -2, 0, 2, 0, 0, -0.5000000000000004, 0, -2, 0, 2, 0]
[-1.001179039034197, -1.26366239587102, 1.881876669449999, -2.145206111993911, 1.062672186210833, 2.247703802225429, 0.1010860956362973, -0.04660557989915202, -0.4873093739882992, -0.0114320405881118, -2.079864733606974, 0.02623947545003242, 2.003026228636454, -0.02052189410270277]
[0.5175289037946466, -1.037489761900383, -0.721719595325409, -2.087339651344831, -0.6872783831963984, 1.75228059614896, -0.1001792893354404, -0.7585643262758344, -0.8193773132159193, 1.286460748773533, -1.623116639975249, 0.8079610246656044, 1.878480894137776, 0.1009235635610931]
[0.01447346538878727, -0.4990939598932652, -0.0172758693798425, -2.028251185589258, -0.03123317519204925, 1.977026184767027, -0.009012964948586926, -0.8132650995981477, 0.2783779265541094, 0.6708604353802254, -2.677194798270257, -0.7146353640329483, 3.001237190159917, -0.1012160068317621]
--
[0, -0.5000000000000004, 0, -2, 0, 2, 0, 0, -0.5000000000000004, 0, -2, 0, 2, 0]
[0.1973856728924009, 0.3733125603748129, 0.5457125849093936, -2.445372981089355, 0.8471713731720339, 3.000841205650569, 0.1010434698790382, 0.01574701874270404, -0.5087478720880952, -0.01306142417390965, -1.995206395382624, 0.008263983892231356, 2.013928146754645, -0.01115740313137789]
[0.6798553361981332, -1.262936718522195, -1.185382566332419, -1.887736567666434, 0.2744596281825334, 1.794524245948108, -0.1000285963523211, -0.676609529160287, -0.3781045484287225, 1.195043281300216, -1.723592437447961, 1.05990113298919, 2.169268076392368, 0.1001250051650526]
[-0.004496360806270948, -0.4998418006358842, 0.008069656726200925, -2.006943344200705, -0.004951847819402943, 2.005348718740658, -0.003127892158320508, -0.009198837585565143, 0.7646194789843412, 0.06390126736823004, -1.536790416110959, 0.02728404673697251, 1.712255656828739, -0.1001090272850779]
