--
[0, -0.5000000000000004, 0, -2, 0, 2, 0, 0, -0.5000000000000004, 0, -2, 0, 2, 0]
[0.7512122544831349, 0.3795749469643275, 0.02279053323755311, -2.37113629896059, 0.192499625448471, 2.952089594551211, 0.1003661828396626, -0.009170283664421571, -0.4930493833361208, 0.00316910966960867, -2.003382982126952, -0.03018145181606505, 1.997381283143144, 0.03233822605809505]
[0.4520381091422064, -0.7739682236874422, -0.7557020420784436, -1.929797375568737, -0.3461320069782231, 1.958647784854651, -0.1007218239971851, -0.9013616962491505, -0.9015884386746306, 1.244630078852667, -1.456488372692254, 0.2611546096616497, 1.917746286120351, 0.1011336797058248]
[-0.0001630426795628777, -0.4960512753788796, 0.01550350138226933, -2.014170398269609, 0.01670485147334454, 1.985418578989953, 0.01690792148234626, -1.001653278424054, 0.7652417220682584, 0.7734293578837041, -2.205576751023304, -1.558981160135786, 3.000944713361023, -0.1005622630431371]
--
[0, -0.5000000000000004, 0, -2, 0, 2, 0, 0, -0.5000000000000004, 0, -2, 0, 2, 0]
[-1.000778855785657, -1.076754973120412, 1.964395764427495, -2.3128320031726, 1.058456666848578, 2.512954220047872, -0.1003778512422649, 0.02242764907074683, -0.4794711702992835, 0.008076950799447669, -2.008669719776413, 0.01014706323887815, 2.00077703872903, 0.001598424190273849]
[0.81354719589796, -1.263200102590472, -1.175235655763322, -1.735763294501563, -0.3797514513789925, 2.190284824583403, -0.04649337054638681, -0.6575086498200188, -0.4905932026036194, 0.9677450392108152, -1.730649582730274, 0.9785674433810005, 2.132930657712171, 0.1000086295830925]
[0.02197298445968734, -0.4715793101317878, 0.03164855981435229, -2.035572661232707, -0.01078072103361357, 2.006698478167083, 0.005995152562320791, 0.4056921983549712, 0.7369774574397386, -0.07132867245867254, -1.597591186787551, -0.1389087898643955, 1.887671551407638, -0.1000131973888813]
