--
[0, -0.5000000000000004, 0, -2, 0, 2, 0, 0, -0.5000000000000004, 0, -2, 0, 2, 0]
[-1.000276311374238, -1.063294702255553, 1.966601119602141, -2.325408413166291, 1.102063087720211, 2.522755647031776, -0.0137928025126542, 0.004383355914074175, -0.5079759565937987, -0.01644841580501362, -1.994550875654148, -0.03024991438032833, 2.01124794706919, 0.008311154364746937]
[0.7807255356349686, -1.253023388632131, -1.128584530641232, -1.724470925659271, -0.394435513786648, 2.146576814825535, -0.1000258771612283, -0.6176237576429153, -0.613756141597021, 0.8625715326321768, -1.861997635596455, 1.10582336484697, 2.060106294591396, 0.100034960686795]
[0.00942699020387076, -0.5009300292050142, 0.02584686196267829, -1.983024798854825, 0.006016829661946523, 1.995938655727008, 0.009247959868205327, 0.3171153541689284, 0.6457632013768378, -0.1604253775040127, -1.747653128282497, 0.03803512536088926, 1.986031447319347, -0.1000590215739275]
--
[0, -0.5000000000000004, 0, -2, 0, 2, 0, 0, -0.5000000000000004, 0, -2, 0, 2, 0]
[-1.003629622569513, -1.270525964441716, 1.880910498004953, -2.146794864838807, 1.089145082618003, 2.245726189609823, 0.1000311173024863, 0.03974763444915958, -0.4856091840949207, 0.01234567124097945, -1.97833939226714, -0.001402422328588405, 2.012724968946716, -0.030473727710482]
[0.6022151616412491, -1.069993532347792, -0.7059837722151484, -1.819138505766467, -0.6567880474373855, 1.848030930471828, -0.1000358187897355, -0.6265750408950526, -0.9172959623438016, 1.029276125220785, -1.660629592610416, 0.7736136046157507, 2.057499947833727, 0.1015948010143528]
[-0.005158981115057712, -0.542018124063262, 0.001580386007310807, -2.018187284316095, 0.00714871251143777, 1.957332267936257, -0.008033512471113764, -1.005808138914788, 0.344586772908278, 0.8438300436866354, -2.677951603713884, -0.6662898534162914, 3.000225666877406, -0.1039335307567302]
