--
[0, -0.5000000000000004, 0, -2, 0, 2, 0, 0, -0.5000000000000004, 0, -2, 0, 2, 0]
[1.000291079233916, 0.768889810582887, -0.5507138120803321, -1.713389961946379, 0.9534030491985219, 2.176848819667056, 0.1018433280221316, 0.004170437310549671, -0.5015991504435858, -4.508013185752091e-05, -2.015632044447438, -0.03465284867715487, 2.018684652750476, 0.01682076772847158]
[0.7683045624051107, -1.14483340013406, -0.6614789361966511, -1.843277838024894, -0.01024465763935585, 0.7114993781190034, -0.101683188378325, -0.3103200676977765, -0.4780184599624838, 1.396918099491397, -1.76390971751863, 0.8650064973519039, 2.123326286168303, 0.1003582932798372]
[0.02625903853766438, -0.501512857158281, 0.004190275521055956, -1.97374495988327, 0.05439204360169018, 2.01304564546261, 0.03353353961445793, -1.000955672986876, 0.3292128215217051, 0.8575102867519839, -2.71930387389501, -0.1738180237744212, 3.001153210871413, -0.1004524827807685]
--
[0, -0.5000000000000004, 0, -2, 0, 2, 0, 0, -0.5000000000000004, 0, -2, 0, 2, 0]
[1.006039253318327, 0.7794346194058588, -0.5528320696801724, -1.710502041882515, 0.9885981175247839, 2.195578454337975, 0.1016784296781247, -0.02632969244546687, -0.4783368190515782, 0.08317013169073532, -1.998434693420538, -0.02772930978851246, 1.961142629963458, 0.03406737862182602]
[0.8080881861425315, -1.143451213621424, -0.7513201402914823, -1.824229794152691, -0.09013537388635132, 0.6762739569200931, -0.1028864827996862, -0.1791745762037581, -0.5264057054439001, 1.217215597480729, -1.880646544740187, 0.9590218413424992, 2.057836046266123, 0.1027829724633743]
[0.03228383350157581, -0.5130290514259443, -0.00249302117349675, -1.989149997231238, -0.07812232257359518, 1.989024205915836, -0.04594328781843014, -1.007700631027377, 0.3248352322222414, 0.889130524757191, -2.718455199402058, -0.08279274421120855, 3.01090059043116, -0.1033913238571349]
