--
[0, -0.5000000000000004, 0, -2, 0, 2, 0, 0, -0.5000000000000004, 0, -2, 0, 2, 0]
[-1.00115840115372, -1.064638449641922, 1.98710492651986, -2.301871124995477, 1.111432183406112, 2.590001374976867, 0.06400071811577474, -0.002574299083896007, -0.4819100357222991, 0.005613113303363202, -2.00558374651929, -0.0108486957591302, 1.997199700583045, -0.005113839876163493]
[0.876976449325005, -1.245651954978512, -1.062162377896379, -1.612259299729006, -0.5015412689280419, 2.180626010456847, -0.1000847798618388, -0.8278842485372953, -0.763231010490133, 0.8381073940420676, -1.794351129037518, 1.14888560615377, 1.918588279813916, 0.1000337146381493]
[0.007967446329695343, -0.4891910949752937, 0.008123014886393691, -2.006834040317537, 0.002140617662384956, 2.002044418616466, 0.006831729776311058, 0.2503190226732148, 0.5605089219767576, -0.1683737761356164, -1.902268163903225, 0.07241352206368182, 2.163241317554364, -0.1000593397012222]
--
[0, -0.5000000000000004, 0, -2, 0, 2, 0, 0, -0.5000000000000004, 0, -2, 0, 2, 0]
[-1.000533092198391, -1.046610250905294, 1.96800445392385, -2.361044079494663, 1.060149217269472, 2.549447551699011, -0.03047713957553773, 0.005691222037951717, -0.4974714013014274, 0.01232747674416795, -1.999764893386371, -0.0002058357804208932, 1.991333864293205, -0.00404470567668934]
[0.8016219094912865, -1.263650650503062, -1.103310383902624, -1.723286612498962, -0.3739575069384122, 2.145296859477004, -0.1000249393809077, -0.7051979819904398, -0.526395939739041, 0.9776324885206351, -1.695817703157386, 1.047994254616373, 2.06612882202638, 0.1000334193510129]
[-0.02076801151255545, -0.5018442923755196, -0.003943574816733018, -1.985016012545433, -0.009822089975049691, 2.008913292076303, -0.003786768685036609, 0.3149235987741367, 0.6554329389729268, -0.1330697544015459, -1.728961717406746, -0.02972039288538675, 1.96906198431962, -0.1000693000387386]
