--
[0, -0.5000000000000004, 0, -2, 0, 2, 0, 0, -0.5000000000000004, 0, -2, 0, 2, 0]
[-1.001053463651113, -1.141958461570628, 1.953519585520851, -2.236106951571367, 1.076008782247805, 2.452656679150568, 0.09955539093112753, -0.006832399270484939, -0.4922656833031911, -0.004946574595573653, -1.995404740239554, -0.01075425071754627, 1.990098026916819, 0.01341751529076279]
[0.7726331062027397, -1.262899711040343, -1.027854153082755, -1.777160521223258, -0.6079532428246851, 1.980455228879963, -0.09991182526089447, -0.8863943370368165, -0.7493002072483402, 1.006609509586778, -1.80606787531551, 1.189918831821396, 1.846707496467502, 0.1013713981693213]
[-0.009236235334130878, -0.5007304563114902, -0.0006022819294346812, -2.004223961487252, 0.009324936022836747, 2.012491774825759, 0.0001116616341766767, 0.1715907840049719, 0.5402753940909111, -0.08870786318606751, -1.930789432312151, 0.0618271001164466, 2.200672542793561, -0.09964850909960653]
--
[0, -0.5000000000000004, 0, -2, 0, 2, 0, 0, -0.5000000000000004, 0, -2, 0, 2, 0]
[0.964961027383709, 0.4462480351673169, -0.1877855470065712, -2.159865632072313, -0.01756863502377451, 2.519565623346254, 0.1008299807186624, 0.01391921966671994, -0.5135023016227385, -0.04238213087524438, -2.004059513661844, 0.009184602861420308, 1.99860065327813, -0.0007063080596076791]
[0.8037608147673521, -1.136247342441908, -0.7419524802872379, -1.814677717114554, -0.7388779566785716, 1.737637687964082, -0.1007802278627861, -0.7508554905376996, -1.11497662083047, 1.063329040272536, -1.760233496366326, 0.3745052491832361, 2.21685065998773, 0.1001986339874045]
[-0.02004302726392418, -0.5090432606830196, 0.002005075499030635, -2.023498408976097, -0.02077954416010161, 2.009174215916079, 0.01136709361883369, -0.7043374896843423, 0.5783748346723773, 0.5454726989900528, -2.223449509078058, -1.395124590401352, 3.000551887308178, -0.1004929488830284]
