--
[-0.5, 0.5]
[-0.6, -0.399996]
[0.599995, -0.399996]
--
[-0.5, 0.5]
[-0.6, -0.399996]
[0.599995, -0.399996]
--
[-0.5, 0.5]
[-0.6, -0.399996]
[0.599995, -0.399996]
--
[-0.5, 0.5]
[-0.6, -0.399996]
[0.599995, -0.399996]
--
[-0.5, 0.5]
[-0.6, -0.399996]
[0.599995, -0.399996]
--
[-0.5, 0.5]
[-0.6, -0.399996]
[0.599995, -0.399996]
--
[-0.5, 0.5]
[-0.6, -0.399996]
[0.599995, -0.399996]
--
[-0.5, 0.5]
[-0.599999, -0.399996]
[0.599995, -0.399996]
--
[-0.5, 0.5]
[-0.6, -0.399997]
[0.599996, -0.399997]
--
[-0.5, 0.5]
[-0.6, -0.399995]
[0.599994, -0.399996]
