--
[-0.989671, 0.339492]
[1.06132, 0.554097]
[-0.912036, 0.0392774]
--
[-0.989671, 0.339492]
[1.06132, 0.554097]
[-0.912036, 0.0392774]
--
[-0.989671, 0.339492]
[1.06132, 0.554097]
[-0.912036, 0.0392772]
--
[-0.989671, 0.339492]
[1.06132, 0.554097]
[-0.912036, 0.0392775]
--
[-0.989671, 0.339492]
[1.06132, 0.554097]
[-0.912036, 0.0392775]
--
[-0.989671, 0.339492]
[1.06132, 0.554097]
[-0.912036, 0.0392776]
--
[-0.989671, 0.339492]
[1.06132, 0.554097]
[-0.912036, 0.0392774]
--
[-0.989671, 0.339492]
[1.06132, 0.554097]
[-0.912036, 0.0392774]
--
[-0.989671, 0.339492]
[1.06132, 0.554097]
[-0.912036, 0.0392775]
--
[-0.989671, 0.339492]
[1.06132, 0.554097]
[-0.912036, 0.0392774]
