--
[-1.06099, -0.0108201]
[0.765808, 0.531058]
[-0.750007, -0.759725]
--
[-1.06099, -0.0108201]
[0.765808, 0.531058]
[-0.750007, -0.759725]
--
[-1.06099, -0.0108201]
[0.765807, 0.531058]
[-0.750007, -0.759725]
--
[-1.06099, -0.0108201]
[0.765808, 0.531058]
[-0.750007, -0.759725]
--
[-1.06099, -0.0108201]
[0.765807, 0.531058]
[-0.750007, -0.759725]
--
[-1.06099, -0.0108201]
[0.765807, 0.531058]
[-0.750007, -0.759724]
--
[-1.06099, -0.0108201]
[0.765808, 0.531058]
[-0.750007, -0.759725]
--
[-1.06099, -0.0108201]
[0.765808, 0.531058]
[-0.750007, -0.759725]
--
[-1.06099, -0.0108201]
[0.765807, 0.531058]
[-0.750007, -0.759724]
--
[-1.06099, -0.0108201]
[0.765807, 0.531058]
[-0.750007, -0.759725]
