--
[-1.24535, 0.329441]
[0.616465, 0.682052]
[-1.0369, -0.438858]
--
[-1.24535, 0.329441]
[0.616466, 0.682052]
[-1.0369, -0.438858]
--
[-1.24535, 0.329441]
[0.616466, 0.682052]
[-1.0369, -0.438858]
--
[-1.24535, 0.329441]
[0.616466, 0.682052]
[-1.0369, -0.438858]
--
[-1.24535, 0.329441]
[0.616466, 0.682052]
[-1.0369, -0.438858]
--
[-1.24535, 0.329441]
[0.616466, 0.682052]
[-1.0369, -0.438858]
--
[-1.24535, 0.329441]
[0.616466, 0.682052]
[-1.0369, -0.438858]
--
[-1.24535, 0.329441]
[0.616467, 0.682052]
[-1.0369, -0.438859]
--
[-1.24535, 0.329441]
[0.616466, 0.682052]
[-1.0369, -0.438858]
--
[-1.24535, 0.329441]
[0.616467, 0.682052]
[-1.0369, -0.438859]
