--
[-0.943023, 0.746774]
[0.551856, 0.357764]
[-0.889713, -0.745653]
--
[-0.943023, 0.746774]
[0.551856, 0.357764]
[-0.889713, -0.745653]
--
[-0.943023, 0.746774]
[0.551856, 0.357764]
[-0.889713, -0.745653]
--
[-0.943023, 0.746774]
[0.551856, 0.357764]
[-0.889713, -0.745653]
--
[-0.943023, 0.746774]
[0.551855, 0.357764]
[-0.889713, -0.745652]
--
[-0.943023, 0.746774]
[0.551856, 0.357764]
[-0.889713, -0.745652]
--
[-0.943023, 0.746774]
[0.551856, 0.357764]
[-0.889713, -0.745653]
--
[-0.943023, 0.746774]
[0.551855, 0.357764]
[-0.889713, -0.745652]
--
[-0.943023, 0.746774]
[0.551855, 0.357764]
[-0.889713, -0.745652]
--
[-0.943023, 0.746774]
[0.551855, 0.357764]
[-0.889713, -0.745652]
