--
[-0.814127, 0.718868]
[1.03579, -0.513354]
[-0.64485, 0.402659]
--
[-0.814127, 0.718868]
[1.03579, -0.513353]
[-0.64485, 0.402659]
--
[-0.814127, 0.718868]
[1.03579, -0.513353]
[-0.64485, 0.402659]
--
[-0.814127, 0.718868]
[1.03579, -0.513353]
[-0.64485, 0.402659]
--
[-0.814127, 0.718868]
[1.03579, -0.513352]
[-0.64485, 0.402659]
--
[-0.814127, 0.718868]
[1.03579, -0.513353]
[-0.64485, 0.402659]
--
[-0.814127, 0.718868]
[1.03579, -0.513352]
[-0.64485, 0.402659]
--
[-0.814127, 0.718868]
[1.03579, -0.513353]
[-0.64485, 0.402659]
--
[-0.814127, 0.718868]
[1.03579, -0.513353]
[-0.64485, 0.402659]
--
[-0.814127, 0.718868]
[1.03579, -0.513353]
[-0.64485, 0.402659]
