--
[-0.562485, 0.31817]
[0.719765, -0.561589]
[-0.979227, -0.444807]
--
[-0.562485, 0.31817]
[0.719766, -0.561589]
[-0.979227, -0.444807]
--
[-0.562485, 0.31817]
[0.719766, -0.561589]
[-0.979227, -0.444807]
--
[-0.562485, 0.31817]
[0.719766, -0.561589]
[-0.979227, -0.444807]
--
[-0.562485, 0.31817]
[0.719766, -0.561589]
[-0.979227, -0.444807]
--
[-0.562485, 0.31817]
[0.719766, -0.561589]
[-0.979227, -0.444807]
--
[-0.562485, 0.31817]
[0.719765, -0.561589]
[-0.979227, -0.444807]
--
[-0.562485, 0.31817]
[0.719766, -0.561589]
[-0.979227, -0.444807]
--
[-0.562485, 0.31817]
[0.719766, -0.56159]
[-0.979227, -0.444808]
--
[-0.562485, 0.31817]
[0.719766, -0.561589]
[-0.979227, -0.444807]
