--
[-0.649136, 0.18271]
[0.56659, 0.509779]
[-0.544014, -0.760074]
--
[-0.649136, 0.18271]
[0.56659, 0.509778]
[-0.544015, -0.760074]
--
[-0.649136, 0.18271]
[0.566591, 0.509779]
[-0.544014, -0.760074]
--
[-0.649136, 0.18271]
[0.56659, 0.509779]
[-0.544014, -0.760074]
--
[-0.649136, 0.18271]
[0.566591, 0.509779]
[-0.544014, -0.760074]
--
[-0.649136, 0.18271]
[0.566592, 0.509779]
[-0.544014, -0.760075]
--
[-0.649136, 0.18271]
[0.566591, 0.509779]
[-0.544014, -0.760075]
--
[-0.649136, 0.18271]
[0.566591, 0.509779]
[-0.544014, -0.760074]
--
[-0.649136, 0.18271]
[0.566591, 0.509779]
[-0.544014, -0.760075]
--
[-0.649136, 0.18271]
[0.566591, 0.509779]
[-0.544014, -0.760075]
