--
[-0.776942, 0.731646]
[1.00671, 0.296837]
[-0.997386, 0.150929]
--
[-0.776942, 0.731646]
[1.00671, 0.296837]
[-0.997386, 0.150929]
--
[-0.776942, 0.731646]
[1.00671, 0.296837]
[-0.997386, 0.150929]
--
[-0.776942, 0.731646]
[1.00671, 0.296837]
[-0.997385, 0.150929]
--
[-0.776942, 0.731646]
[1.00671, 0.296837]
[-0.997386, 0.150929]
--
[-0.776942, 0.731646]
[1.00671, 0.296837]
[-0.997386, 0.150929]
--
[-0.776942, 0.731646]
[1.00671, 0.296837]
[-0.997385, 0.150929]
--
[-0.776942, 0.731646]
[1.00671, 0.296837]
[-0.997386, 0.150929]
--
[-0.776942, 0.731646]
[1.00671, 0.296837]
[-0.997385, 0.150929]
--
[-0.776942, 0.731646]
[1.00671, 0.296837]
[-0.997385, 0.150929]
