--
[-1.15458, 0.688468]
[1.03331, 0.490915]
[-0.853867, -0.635204]
--
[-1.15458, 0.688468]
[1.03331, 0.490915]
[-0.853867, -0.635204]
--
[-1.15458, 0.688468]
[1.03331, 0.490915]
[-0.853867, -0.635204]
--
[-1.15458, 0.688468]
[1.03331, 0.490915]
[-0.853867, -0.635204]
--
[-1.15458, 0.688468]
[1.03331, 0.490915]
[-0.853867, -0.635204]
--
[-1.15458, 0.688468]
[1.03331, 0.490915]
[-0.853867, -0.635204]
--
[-1.15458, 0.688468]
[1.03331, 0.490915]
[-0.853867, -0.635204]
--
[-1.15458, 0.688468]
[1.03331, 0.490915]
[-0.853867, -0.635204]
--
[-1.15458, 0.688468]
[1.03331, 0.490915]
[-0.853867, -0.635204]
--
[-1.15458, 0.688468]
[1.03331, 0.490915]
[-0.853867, -0.635204]
