--
[-1.23919, -0.134749]
[0.646725, 0.653399]
[-0.977617, -0.781588]
--
[-1.23919, -0.134749]
[0.646726, 0.653399]
[-0.977617, -0.781588]
--
[-1.23919, -0.134749]
[0.646725, 0.653399]
[-0.977617, -0.781588]
--
[-1.23919, -0.134749]
[0.646725, 0.653399]
[-0.977617, -0.781588]
--
[-1.23919, -0.134749]
[0.646726, 0.653399]
[-0.977617, -0.781588]
--
[-1.23919, -0.134749]
[0.646724, 0.653398]
[-0.977617, -0.781588]
--
[-1.23919, -0.134749]
[0.646725, 0.653399]
[-0.977617, -0.781588]
--
[-1.23919, -0.134749]
[0.646725, 0.653399]
[-0.977617, -0.781588]
--
[-1.23919, -0.134749]
[0.646725, 0.653399]
[-0.977617, -0.781588]
--
[-1.23919, -0.134749]
[0.646725, 0.653399]
[-0.977617, -0.781588]
