--
[-0.74091, -0.760099]
[0.791099, 0.212376]
[-0.609065, 0.292837]
--
[-0.74091, -0.760099]
[0.791099, 0.212376]
[-0.609064, 0.292837]
--
[-0.74091, -0.760099]
[0.791098, 0.212376]
[-0.609065, 0.292837]
--
[-0.74091, -0.760099]
[0.791099, 0.212376]
[-0.609065, 0.292837]
--
[-0.74091, -0.760099]
[0.791099, 0.212376]
[-0.609065, 0.292837]
--
[-0.74091, -0.760099]
[0.791099, 0.212376]
[-0.609065, 0.292837]
--
[-0.74091, -0.760099]
[0.791099, 0.212376]
[-0.609065, 0.292837]
--
[-0.74091, -0.760099]
[0.791099, 0.212376]
[-0.609065, 0.292837]
--
[-0.74091, -0.760099]
[0.791099, 0.212376]
[-0.609064, 0.292837]
--
[-0.74091, -0.760099]
[0.791099, 0.212376]
[-0.609064, 0.292837]
