--
[-0.91809, 0.732405]
[0.689314, 0.650454]
[-1.09918, 0.120784]
--
[-0.91809, 0.732405]
[0.689314, 0.650454]
[-1.09918, 0.120784]
--
[-0.91809, 0.732405]
[0.689313, 0.650454]
[-1.09918, 0.120784]
--
[-0.91809, 0.732405]
[0.689314, 0.650454]
[-1.09918, 0.120784]
--
[-0.91809, 0.732405]
[0.689314, 0.650454]
[-1.09918, 0.120784]
--
[-0.91809, 0.732405]
[0.689673, 0.650437]
[-1.09922, 0.12065]
--
[-0.91809, 0.732405]
[0.689314, 0.650454]
[-1.09918, 0.120784]
--
[-0.91809, 0.732405]
[0.689305, 0.650455]
[-1.09918, 0.120788]
--
[-0.91809, 0.732405]
[0.689314, 0.650454]
[-1.09918, 0.120784]
--
[-0.91809, 0.732405]
[0.689314, 0.650454]
[-1.09918, 0.120784]
