--
[-0.660583, 0.359684]
[0.521912, 0.722559]
[-0.681396, -0.549098]
--
[-0.660583, 0.359684]
[0.521912, 0.722559]
[-0.681396, -0.549098]
--
[-0.660583, 0.359684]
[0.521911, 0.722559]
[-0.681396, -0.549098]
--
[-0.660583, 0.359684]
[0.521912, 0.722559]
[-0.681396, -0.549099]
--
[-0.660583, 0.359684]
[0.521911, 0.722559]
[-0.681396, -0.549098]
--
[-0.660583, 0.359684]
[0.521911, 0.722559]
[-0.681396, -0.549098]
--
[-0.660583, 0.359684]
[0.521912, 0.722559]
[-0.681396, -0.549099]
--
[-0.660583, 0.359684]
[0.521912, 0.722559]
[-0.681396, -0.549099]
--
[-0.660583, 0.359684]
[0.521912, 0.722559]
[-0.681396, -0.549099]
--
[-0.660583, 0.359684]
[0.521912, 0.722559]
[-0.681396, -0.549099]
