--
[-0.73843, 0.461013]
[0.882486, 0.448055]
[-0.591975, 0.629296]
--
[-0.73843, 0.461013]
[0.882487, 0.448055]
[-0.591975, 0.629296]
--
[-0.73843, 0.461013]
[0.882487, 0.448055]
[-0.591975, 0.629296]
--
[-0.73843, 0.461013]
[0.882486, 0.448055]
[-0.591975, 0.629296]
--
[-0.73843, 0.461013]
[0.882478, 0.448055]
[-0.591975, 0.629295]
--
[-0.73843, 0.461013]
[0.882487, 0.448055]
[-0.591975, 0.629296]
--
[-0.73843, 0.461013]
[0.882487, 0.448055]
[-0.591975, 0.629296]
--
[-0.73843, 0.461013]
[0.882486, 0.448055]
[-0.591975, 0.629296]
--
[-0.73843, 0.461013]
[0.882486, 0.448055]
[-0.591975, 0.629296]
--
[-0.73843, 0.461013]
[0.882486, 0.448055]
[-0.591975, 0.629296]
