--
[-0.764722, -0.630023]
[0.969001, 0.11825]
[-0.834852, -0.505608]
--
[-0.764722, -0.630023]
[0.969001, 0.11825]
[-0.834851, -0.505608]
--
[-0.764722, -0.630023]
[0.969001, 0.118251]
[-0.834852, -0.505608]
--
[-0.764722, -0.630023]
[0.969, 0.11825]
[-0.834851, -0.505608]
--
[-0.764722, -0.630023]
[0.969, 0.11825]
[-0.834851, -0.505608]
--
[-0.764722, -0.630023]
[0.969001, 0.118251]
[-0.834852, -0.505608]
--
[-0.764722, -0.630023]
[0.969001, 0.118251]
[-0.834852, -0.505608]
--
[-0.764722, -0.630023]
[0.969001, 0.118251]
[-0.834851, -0.505608]
--
[-0.764722, -0.630023]
[0.969001, 0.11825]
[-0.834852, -0.505608]
--
[-0.764722, -0.630023]
[0.969002, 0.118251]
[-0.834852, -0.505608]
