--
[-0.920759, 0.237444]
[0.664767, 0.0959445]
[-1.08781, 0.26328]
--
[-0.920759, 0.237444]
[0.664768, 0.0959443]
[-1.08781, 0.263281]
--
[-0.920759, 0.237444]
[0.664768, 0.0959444]
[-1.08781, 0.26328]
--
[-0.920759, 0.237444]
[0.664768, 0.0959443]
[-1.08781, 0.26328]
--
[-0.920759, 0.237444]
[0.664769, 0.0959443]
[-1.08781, 0.263281]
--
[-0.920759, 0.237444]
[0.664768, 0.0959445]
[-1.08781, 0.263281]
--
[-0.920759, 0.237444]
[0.664769, 0.0959442]
[-1.08781, 0.263281]
--
[-0.920759, 0.237444]
[0.664768, 0.0959443]
[-1.08781, 0.263281]
--
[-0.920759, 0.237444]
[0.664767, 0.0959444]
[-1.08781, 0.26328]
--
[-0.920759, 0.237444]
[0.664767, 0.0959444]
[-1.08781, 0.263281]
