--
[-0.743147, -0.133502]
[0.55929, -0.510679]
[-1.00963, -0.385314]
--
[-0.743147, -0.133502]
[0.559289, -0.510679]
[-1.00963, -0.385313]
--
[-0.743147, -0.133502]
[0.559288, -0.510679]
[-1.00963, -0.385313]
--
[-0.743147, -0.133502]
[0.559289, -0.510679]
[-1.00963, -0.385313]
--
[-0.743147, -0.133502]
[0.55929, -0.510679]
[-1.00963, -0.385314]
--
[-0.743147, -0.133502]
[0.559289, -0.510679]
[-1.00963, -0.385313]
--
[-0.743147, -0.133502]
[0.559289, -0.510679]
[-1.00963, -0.385313]
--
[-0.743147, -0.133502]
[0.559289, -0.510679]
[-1.00963, -0.385313]
--
[-0.743147, -0.133502]
[0.559289, -0.510679]
[-1.00963, -0.385313]
--
[-0.743147, -0.133502]
[0.559289, -0.510679]
[-1.00963, -0.385314]
