--
[-0.729511, -0.410167]
[0.835596, -0.641055]
[-1.0349, -0.43822]
--
[-0.729511, -0.410167]
[0.835595, -0.641054]
[-1.0349, -0.43822]
--
[-0.729511, -0.410167]
[0.835596, -0.641054]
[-1.0349, -0.43822]
--
[-0.729511, -0.410167]
[0.835595, -0.641054]
[-1.0349, -0.43822]
--
[-0.729511, -0.410167]
[0.835595, -0.641054]
[-1.0349, -0.43822]
--
[-0.729511, -0.410167]
[0.835595, -0.641054]
[-1.0349, -0.43822]
--
[-0.729511, -0.410167]
[0.835596, -0.641054]
[-1.0349, -0.43822]
--
[-0.729511, -0.410167]
[0.835595, -0.641055]
[-1.0349, -0.43822]
--
[-0.729511, -0.410167]
[0.835596, -0.641054]
[-1.0349, -0.43822]
--
[-0.729511, -0.410167]
[0.835595, -0.641054]
[-1.0349, -0.43822]
