--
[-0.59716, 0.223133]
[0.741987, 0.211157]
[-0.890882, 0.50872]
--
[-0.59716, 0.223133]
[0.741987, 0.211157]
[-0.890882, 0.50872]
--
[-0.59716, 0.223133]
[0.741987, 0.211157]
[-0.890882, 0.50872]
--
[-0.59716, 0.223133]
[0.741986, 0.211157]
[-0.890882, 0.50872]
--
[-0.59716, 0.223133]
[0.741986, 0.211157]
[-0.890882, 0.50872]
--
[-0.59716, 0.223133]
[0.741987, 0.211157]
[-0.890882, 0.50872]
--
[-0.59716, 0.223133]
[0.741986, 0.211157]
[-0.890882, 0.50872]
--
[-0.59716, 0.223133]
[0.741988, 0.211157]
[-0.890882, 0.50872]
--
[-0.59716, 0.223133]
[0.741987, 0.211157]
[-0.890882, 0.50872]
--
[-0.59716, 0.223133]
[0.741987, 0.211157]
[-0.890882, 0.50872]
