--
[-1.16334, -0.423921]
[0.59854, -0.164692]
[-0.911732, -0.765716]
--
[-1.16334, -0.423921]
[0.59854, -0.164692]
[-0.911732, -0.765716]
--
[-1.16334, -0.423921]
[0.59854, -0.164692]
[-0.911732, -0.765716]
--
[-1.16334, -0.423921]
[0.59854, -0.164692]
[-0.911732, -0.765716]
--
[-1.16334, -0.423921]
[0.59854, -0.164692]
[-0.911732, -0.765716]
--
[-1.16334, -0.423921]
[0.59854, -0.164692]
[-0.911732, -0.765716]
--
[-1.16334, -0.423921]
[0.59854, -0.164692]
[-0.911732, -0.765716]
--
[-1.16334, -0.423921]
[0.59854, -0.164692]
[-0.911732, -0.765716]
--
[-1.16334, -0.423921]
[0.59854, -0.164692]
[-0.911732, -0.765716]
--
[-1.16334, -0.423921]
[0.59854, -0.164692]
[-0.911732, -0.765716]
