--
[-0.659577, -0.307002]
[1.08204, -0.015549]
[-0.900023, -0.270464]
--
[-0.659577, -0.307002]
[1.08204, -0.015549]
[-0.900023, -0.270464]
--
[-0.659577, -0.307002]
[1.08204, -0.0155491]
[-0.900023, -0.270464]
--
[-0.659577, -0.307002]
[1.08204, -0.015549]
[-0.900023, -0.270464]
--
[-0.659577, -0.307002]
[1.08204, -0.0155489]
[-0.900023, -0.270464]
--
[-0.659577, -0.307002]
[1.08204, -0.0155489]
[-0.900023, -0.270464]
--
[-0.659577, -0.307002]
[1.08204, -0.0155491]
[-0.900022, -0.270464]
--
[-0.659577, -0.307002]
[1.08204, -0.0155489]
[-0.900023, -0.270464]
--
[-0.659577, -0.307002]
[1.08204, -0.0155492]
[-0.900022, -0.270464]
--
[-0.659577, -0.307002]
[1.08204, -0.0155489]
[-0.900023, -0.270464]
