--
[-1.24342, 0.679898]
[0.572796, 0.110898]
[-0.837763, -0.770003]
--
[-1.24342, 0.679898]
[0.572796, 0.110898]
[-0.837763, -0.770003]
--
[-1.24342, 0.679898]
[0.572797, 0.110898]
[-0.837763, -0.770003]
--
[-1.24342, 0.679898]
[0.572797, 0.110898]
[-0.837763, -0.770003]
--
[-1.24342, 0.679898]
[0.572796, 0.110898]
[-0.837763, -0.770003]
--
[-1.24342, 0.679898]
[0.572797, 0.110898]
[-0.837763, -0.770003]
--
[-1.24342, 0.679898]
[0.572796, 0.110899]
[-0.837763, -0.770002]
--
[-1.24342, 0.679898]
[0.573126, 0.11078]
[-0.837762, -0.770005]
--
[-1.24342, 0.679898]
[0.572797, 0.110898]
[-0.837763, -0.770003]
--
[-1.24342, 0.679898]
[0.572797, 0.110898]
[-0.837763, -0.770003]
