--
[-0.566418, -0.563486]
[0.745581, 0.228895]
[-0.676151, 0.16011]
--
[-0.566418, -0.563486]
[0.745582, 0.228896]
[-0.676151, 0.16011]
--
[-0.566418, -0.563486]
[0.745583, 0.228896]
[-0.676151, 0.160111]
--
[-0.566418, -0.563486]
[0.745583, 0.228896]
[-0.676151, 0.160111]
--
[-0.566418, -0.563486]
[0.745582, 0.228896]
[-0.676151, 0.16011]
--
[-0.566418, -0.563486]
[0.745582, 0.228896]
[-0.676151, 0.16011]
--
[-0.566418, -0.563486]
[0.745582, 0.228896]
[-0.676151, 0.16011]
--
[-0.566418, -0.563486]
[0.745582, 0.228895]
[-0.676151, 0.16011]
--
[-0.566418, -0.563486]
[0.745581, 0.228895]
[-0.676151, 0.16011]
--
[-0.566418, -0.563486]
[0.745583, 0.228896]
[-0.676151, 0.160111]
