--
[-1.27681, -0.355334]
[0.866855, 0.234275]
[-0.893048, -0.447546]
--
[-1.27681, -0.355334]
[0.866854, 0.234275]
[-0.893048, -0.447546]
--
[-1.27681, -0.355334]
[0.866855, 0.234276]
[-0.893048, -0.447546]
--
[-1.27681, -0.355334]
[0.866854, 0.234275]
[-0.893048, -0.447546]
--
[-1.27681, -0.355334]
[0.866854, 0.234275]
[-0.893048, -0.447546]
--
[-1.27681, -0.355334]
[0.866854, 0.234275]
[-0.893048, -0.447546]
--
[-1.27681, -0.355334]
[0.866854, 0.234275]
[-0.893048, -0.447546]
--
[-1.27681, -0.355334]
[0.866854, 0.234275]
[-0.893048, -0.447546]
--
[-1.27681, -0.355334]
[0.866855, 0.234275]
[-0.893048, -0.447546]
--
[-1.27681, -0.355334]
[0.866854, 0.234275]
[-0.893048, -0.447546]
