--
[-0.748254, 0.338562]
[1.05241, -0.624092]
[-0.649446, 0.18073]
--
[-0.748254, 0.338562]
[1.05241, -0.624093]
[-0.649446, 0.18073]
--
[-0.748254, 0.338562]
[1.05241, -0.624093]
[-0.649446, 0.18073]
--
[-0.748254, 0.338562]
[1.05241, -0.624088]
[-0.649446, 0.180731]
--
[-0.748254, 0.338562]
[1.0524, -0.624088]
[-0.649446, 0.180731]
--
[-0.748254, 0.338562]
[1.05241, -0.624092]
[-0.649446, 0.18073]
--
[-0.748254, 0.338562]
[1.05241, -0.624093]
[-0.649446, 0.18073]
--
[-0.748254, 0.338562]
[1.05241, -0.624088]
[-0.649446, 0.180731]
--
[-0.748254, 0.338562]
[1.0524, -0.624087]
[-0.649446, 0.180731]
--
[-0.748254, 0.338562]
[1.05241, -0.624088]
[-0.649446, 0.180731]
