--
[-1.14339, -0.153249]
[0.750804, -0.0835796]
[-1.03908, 0.417798]
--
[-1.14339, -0.153249]
[0.750805, -0.0835795]
[-1.03908, 0.417798]
--
[-1.14339, -0.153249]
[0.750805, -0.0835796]
[-1.03908, 0.417798]
--
[-1.14339, -0.153249]
[0.750804, -0.0835796]
[-1.03908, 0.417798]
--
[-1.14339, -0.153249]
[0.750804, -0.0835796]
[-1.03908, 0.417798]
--
[-1.14339, -0.153249]
[0.750804, -0.0835796]
[-1.03908, 0.417798]
--
[-1.14339, -0.153249]
[0.750804, -0.0835796]
[-1.03908, 0.417798]
--
[-1.14339, -0.153249]
[0.750805, -0.0835795]
[-1.03908, 0.417798]
--
[-1.14339, -0.153249]
[0.750805, -0.0835796]
[-1.03908, 0.417798]
--
[-1.14339, -0.153249]
[0.750804, -0.0835796]
[-1.03908, 0.417798]
