--
[-0.940164, 0.353047]
[0.647654, -0.754992]
[-0.682351, 0.0268466]
--
[-0.940164, 0.353047]
[0.647655, -0.754993]
[-0.682351, 0.0268465]
--
[-0.940164, 0.353047]
[0.647654, -0.754992]
[-0.682351, 0.0268467]
--
[-0.940164, 0.353047]
[0.647655, -0.754992]
[-0.682351, 0.0268466]
--
[-0.940164, 0.353047]
[0.647656, -0.754993]
[-0.682351, 0.0268464]
--
[-0.940164, 0.353047]
[0.647655, -0.754993]
[-0.682351, 0.0268464]
--
[-0.940164, 0.353047]
[0.647654, -0.754992]
[-0.682351, 0.0268466]
--
[-0.940164, 0.353047]
[0.647664, -0.754999]
[-0.68235, 0.0268448]
--
[-0.940164, 0.353047]
[0.647655, -0.754992]
[-0.682351, 0.0268466]
--
[-0.940164, 0.353047]
[0.647655, -0.754993]
[-0.682351, 0.0268465]
