--
[-1.22989, 0.433679]
[0.994854, 0.58087]
[-1.04526, 0.674383]
--
[-1.22989, 0.433679]
[0.994854, 0.58087]
[-1.04526, 0.674383]
--
[-1.22989, 0.433679]
[0.994854, 0.580869]
[-1.04526, 0.674383]
--
[-1.22989, 0.433679]
[0.994854, 0.58087]
[-1.04526, 0.674383]
--
[-1.22989, 0.433679]
[0.994855, 0.58087]
[-1.04526, 0.674383]
--
[-1.22989, 0.433679]
[0.994854, 0.580869]
[-1.04526, 0.674383]
--
[-1.22989, 0.433679]
[0.994854, 0.58087]
[-1.04526, 0.674383]
--
[-1.22989, 0.433679]
[0.994854, 0.580869]
[-1.04526, 0.674383]
--
[-1.22989, 0.433679]
[0.994854, 0.58087]
[-1.04526, 0.674383]
--
[-1.22989, 0.433679]
[0.994854, 0.580869]
[-1.04526, 0.674383]
