--
[-1.18862, 0.0481712]
[0.953787, -0.304523]
[-0.585095, -0.692894]
--
[-1.18862, 0.0481712]
[0.953787, -0.304523]
[-0.585095, -0.692894]
--
[-1.18862, 0.0481712]
[0.953788, -0.304523]
[-0.585095, -0.692894]
--
[-1.18862, 0.0481712]
[0.953787, -0.304523]
[-0.585095, -0.692894]
--
[-1.18862, 0.0481712]
[0.953787, -0.304523]
[-0.585095, -0.692894]
--
[-1.18862, 0.0481712]
[0.953788, -0.304523]
[-0.585095, -0.692894]
--
[-1.18862, 0.0481712]
[0.953788, -0.304523]
[-0.585095, -0.692894]
--
[-1.18862, 0.0481712]
[0.953786, -0.304523]
[-0.585095, -0.692894]
--
[-1.18862, 0.0481712]
[0.953787, -0.304523]
[-0.585095, -0.692894]
--
[-1.18862, 0.0481712]
[0.953786, -0.304523]
[-0.585095, -0.692894]
