--
[-1.17162, -0.725312]
[0.997373, 0.487064]
[-0.615798, 0.231087]
--
[-1.17162, -0.725312]
[0.997374, 0.487064]
[-0.615798, 0.231087]
--
[-1.17162, -0.725312]
[0.997373, 0.487064]
[-0.615798, 0.231087]
--
[-1.17162, -0.725312]
[0.997373, 0.487064]
[-0.615798, 0.231087]
--
[-1.17162, -0.725312]
[0.997373, 0.487064]
[-0.615798, 0.231087]
--
[-1.17162, -0.725312]
[0.997373, 0.487064]
[-0.615798, 0.231087]
--
[-1.17162, -0.725312]
[0.997373, 0.487064]
[-0.615798, 0.231086]
--
[-1.17162, -0.725312]
[0.997373, 0.487064]
[-0.615798, 0.231086]
--
[-1.17162, -0.725312]
[0.997373, 0.487064]
[-0.615798, 0.231087]
--
[-1.17162, -0.725312]
[0.997374, 0.487064]
[-0.615798, 0.231087]
