--
[-1.29547, 0.61995]
[0.720132, 0.525844]
[-0.738208, -0.143902]
--
[-1.29547, 0.61995]
[0.720133, 0.525844]
[-0.738208, -0.143902]
--
[-1.29547, 0.61995]
[0.720133, 0.525844]
[-0.738208, -0.143902]
--
[-1.29547, 0.61995]
[0.720132, 0.525844]
[-0.738208, -0.143902]
--
[-1.29547, 0.61995]
[0.720133, 0.525844]
[-0.738208, -0.143902]
--
[-1.29547, 0.61995]
[0.720133, 0.525844]
[-0.738208, -0.143902]
--
[-1.29547, 0.61995]
[0.720133, 0.525844]
[-0.738208, -0.143902]
--
[-1.29547, 0.61995]
[0.720124, 0.525844]
[-0.73821, -0.143899]
--
[-1.29547, 0.61995]
[0.720133, 0.525843]
[-0.738208, -0.143902]
--
[-1.29547, 0.61995]
[0.720133, 0.525844]
[-0.738208, -0.143902]
