--
[-0.579503, -0.654609]
[1.01336, 0.174452]
[-0.741465, -0.573658]
--
[-0.579503, -0.654609]
[1.01337, 0.174457]
[-0.741466, -0.573657]
--
[-0.579503, -0.654609]
[1.01336, 0.174452]
[-0.741465, -0.573658]
--
[-0.579503, -0.654609]
[1.01337, 0.174457]
[-0.741466, -0.573657]
--
[-0.579503, -0.654609]
[1.01336, 0.174452]
[-0.741465, -0.573658]
--
[-0.579503, -0.654609]
[1.01336, 0.174452]
[-0.741465, -0.573658]
--
[-0.579503, -0.654609]
[1.01336, 0.174452]
[-0.741465, -0.573658]
--
[-0.579503, -0.654609]
[1.01336, 0.174452]
[-0.741465, -0.573658]
--
[-0.579503, -0.654609]
[1.01336, 0.174452]
[-0.741465, -0.573658]
--
[-0.579503, -0.654609]
[1.01337, 0.174457]
[-0.741466, -0.573657]
