--
[-0.755542, -0.358053]
[0.593208, 0.160905]
[-0.545386, 0.460579]
--
[-0.755542, -0.358053]
[0.593209, 0.160905]
[-0.545386, 0.460579]
--
[-0.755542, -0.358053]
[0.593209, 0.160905]
[-0.545386, 0.460579]
--
[-0.755542, -0.358053]
[0.593208, 0.160905]
[-0.545386, 0.460578]
--
[-0.755542, -0.358053]
[0.593208, 0.160905]
[-0.545386, 0.460578]
--
[-0.755542, -0.358053]
[0.593208, 0.160905]
[-0.545386, 0.460578]
--
[-0.755542, -0.358053]
[0.593208, 0.160905]
[-0.545386, 0.460579]
--
[-0.755542, -0.358053]
[0.593208, 0.160905]
[-0.545386, 0.460579]
--
[-0.755542, -0.358053]
[0.593208, 0.160905]
[-0.545386, 0.460578]
--
[-0.755542, -0.358053]
[0.593208, 0.160905]
[-0.545386, 0.460578]
