--
[-0.662766, -0.63313]
[0.967814, 0.15496]
[-0.8325, -0.64004]
--
[-0.662766, -0.63313]
[0.967813, 0.154959]
[-0.8325, -0.64004]
--
[-0.662766, -0.63313]
[0.967812, 0.154959]
[-0.8325, -0.64004]
--
[-0.662766, -0.63313]
[0.967814, 0.15496]
[-0.8325, -0.64004]
--
[-0.662766, -0.63313]
[0.967814, 0.15496]
[-0.8325, -0.64004]
--
[-0.662766, -0.63313]
[0.967813, 0.154959]
[-0.8325, -0.64004]
--
[-0.662766, -0.63313]
[0.967813, 0.154959]
[-0.8325, -0.64004]
--
[-0.662766, -0.63313]
[0.967813, 0.15496]
[-0.8325, -0.64004]
--
[-0.662766, -0.63313]
[0.967813, 0.15496]
[-0.8325, -0.64004]
--
[-0.662766, -0.63313]
[0.967813, 0.15496]
[-0.8325, -0.64004]
