--
[-0.902511, -0.79417]
[0.58926, -0.524588]
[-0.613379, -0.680414]
--
[-0.902511, -0.79417]
[0.589259, -0.524589]
[-0.613379, -0.680414]
--
[-0.902511, -0.79417]
[0.589259, -0.524589]
[-0.613379, -0.680414]
--
[-0.902511, -0.79417]
[0.58926, -0.524589]
[-0.613379, -0.680414]
--
[-0.902511, -0.79417]
[0.589259, -0.524589]
[-0.613379, -0.680414]
--
[-0.902511, -0.79417]
[0.589259, -0.524589]
[-0.613379, -0.680414]
--
[-0.902511, -0.79417]
[0.58926, -0.524589]
[-0.613379, -0.680414]
--
[-0.902511, -0.79417]
[0.58926, -0.524589]
[-0.613379, -0.680414]
--
[-0.902511, -0.79417]
[0.589259, -0.524589]
[-0.613379, -0.680414]
--
[-0.902511, -0.79417]
[0.589259, -0.524589]
[-0.613379, -0.680414]
