--
[-0.75606, -0.43488]
[1.0501, -0.467009]
[-0.721088, 0.477795]
--
[-0.75606, -0.43488]
[1.0501, -0.46701]
[-0.721088, 0.477794]
--
[-0.75606, -0.43488]
[1.05011, -0.46701]
[-0.721087, 0.477799]
--
[-0.75606, -0.43488]
[1.0501, -0.46701]
[-0.721087, 0.477799]
--
[-0.75606, -0.43488]
[1.0501, -0.46701]
[-0.721087, 0.477799]
--
[-0.75606, -0.43488]
[1.05011, -0.46701]
[-0.721087, 0.477799]
--
[-0.75606, -0.43488]
[1.0501, -0.467009]
[-0.721088, 0.477795]
--
[-0.75606, -0.43488]
[1.05055, -0.46702]
[-0.721082, 0.478024]
--
[-0.75606, -0.43488]
[1.05047, -0.467014]
[-0.721083, 0.477982]
--
[-0.75606, -0.43488]
[1.05011, -0.46701]
[-0.721087, 0.477799]
