--
[-1.05637, 0.342959]
[0.752073, 0.731602]
[-0.551218, -0.0305997]
--
[-1.05637, 0.342959]
[0.752082, 0.731604]
[-0.551216, -0.0306015]
--
[-1.05637, 0.342959]
[0.752073, 0.731602]
[-0.551218, -0.0305996]
--
[-1.05637, 0.342959]
[0.751378, 0.731459]
[-0.551413, -0.0304663]
--
[-1.05637, 0.342959]
[0.752082, 0.731604]
[-0.551216, -0.0306015]
--
[-1.05637, 0.342959]
[0.752083, 0.731604]
[-0.551216, -0.0306016]
--
[-1.05637, 0.342959]
[0.752073, 0.731602]
[-0.551218, -0.0305997]
--
[-1.05637, 0.342959]
[0.752082, 0.731604]
[-0.551216, -0.0306015]
--
[-1.05637, 0.342959]
[0.752073, 0.731602]
[-0.551218, -0.0305997]
--
[-1.05637, 0.342959]
[0.752083, 0.731604]
[-0.551216, -0.0306015]
