--
[-1.09356, 0.368435]
[1.0504, -0.472103]
[-0.50619, 0.350107]
--
[-1.09356, 0.368435]
[1.0504, -0.472103]
[-0.50619, 0.350106]
--
[-1.09356, 0.368435]
[1.0504, -0.472103]
[-0.50619, 0.350106]
--
[-1.09356, 0.368435]
[1.0504, -0.472103]
[-0.50619, 0.350106]
--
[-1.09356, 0.368435]
[1.0504, -0.472103]
[-0.50619, 0.350106]
--
[-1.09356, 0.368435]
[1.0504, -0.472103]
[-0.50619, 0.350107]
--
[-1.09356, 0.368435]
[1.0504, -0.472103]
[-0.50619, 0.350107]
--
[-1.09356, 0.368435]
[1.0504, -0.472103]
[-0.50619, 0.350107]
--
[-1.09356, 0.368435]
[1.0504, -0.472103]
[-0.50619, 0.350107]
--
[-1.09356, 0.368435]
[1.0504, -0.472103]
[-0.50619, 0.350106]
