--
[-0.618594, 0.819341]
[0.994049, -0.204692]
[-0.513045, 0.693053]
--
[-0.618594, 0.819341]
[0.994058, -0.204698]
[-0.513044, 0.693052]
--
[-0.618594, 0.819341]
[0.994058, -0.204698]
[-0.513044, 0.693052]
--
[-0.618594, 0.819341]
[0.994058, -0.204698]
[-0.513044, 0.693052]
--
[-0.618594, 0.819341]
[0.994576, -0.205031]
[-0.513008, 0.693005]
--
[-0.618594, 0.819341]
[0.994058, -0.204698]
[-0.513044, 0.693052]
--
[-0.618594, 0.819341]
[0.994058, -0.204698]
[-0.513044, 0.693052]
--
[-0.618594, 0.819341]
[0.994324, -0.204866]
[-0.513029, 0.693032]
--
[-0.618594, 0.819341]
[0.994057, -0.204698]
[-0.513044, 0.693052]
--
[-0.618594, 0.819341]
[0.994058, -0.204698]
[-0.513044, 0.693052]
