--
[-0.92101, 0.522865]
[0.616522, 0.420208]
[-0.908574, -0.742234]
--
[-0.92101, 0.522865]
[0.616523, 0.420208]
[-0.908574, -0.742236]
--
[-0.92101, 0.522865]
[0.616522, 0.420208]
[-0.908574, -0.742235]
--
[-0.92101, 0.522865]
[0.616522, 0.420208]
[-0.908574, -0.742235]
--
[-0.92101, 0.522865]
[0.616523, 0.420208]
[-0.908574, -0.742235]
--
[-0.92101, 0.522865]
[0.616523, 0.420208]
[-0.908574, -0.742235]
--
[-0.92101, 0.522865]
[0.616523, 0.420208]
[-0.908574, -0.742236]
--
[-0.92101, 0.522865]
[0.616523, 0.420208]
[-0.908574, -0.742236]
--
[-0.92101, 0.522865]
[0.616523, 0.420208]
[-0.908574, -0.742235]
--
[-0.92101, 0.522865]
[0.616523, 0.420208]
[-0.908574, -0.742235]
