--
[-1.25586, 0.662656]
[0.718233, 0.767112]
[-1.04611, -0.165218]
--
[-1.25586, 0.662656]
[0.718234, 0.767112]
[-1.04611, -0.165218]
--
[-1.25586, 0.662656]
[0.718233, 0.767112]
[-1.04611, -0.165218]
--
[-1.25586, 0.662656]
[0.718234, 0.767112]
[-1.04611, -0.165218]
--
[-1.25586, 0.662656]
[0.718232, 0.767111]
[-1.04611, -0.165218]
--
[-1.25586, 0.662656]
[0.718233, 0.767112]
[-1.04611, -0.165218]
--
[-1.25586, 0.662656]
[0.718234, 0.767112]
[-1.04611, -0.165218]
--
[-1.25586, 0.662656]
[0.718234, 0.767112]
[-1.04611, -0.165218]
--
[-1.25586, 0.662656]
[0.718233, 0.767112]
[-1.04611, -0.165218]
--
[-1.25586, 0.662656]
[0.718234, 0.767112]
[-1.04611, -0.165218]
