--
[-0.542019, -0.581187]
[0.538548, -0.207827]
[-0.508983, -0.640845]
--
[-0.542019, -0.581187]
[0.538549, -0.207826]
[-0.508983, -0.640845]
--
[-0.542019, -0.581187]
[0.538549, -0.207826]
[-0.508983, -0.640845]
--
[-0.542019, -0.581187]
[0.538549, -0.207826]
[-0.508983, -0.640845]
--
[-0.542019, -0.581187]
[0.538549, -0.207826]
[-0.508983, -0.640845]
--
[-0.542019, -0.581187]
[0.538548, -0.207827]
[-0.508983, -0.640845]
--
[-0.542019, -0.581187]
[0.538549, -0.207826]
[-0.508983, -0.640845]
--
[-0.542019, -0.581187]
[0.538547, -0.207827]
[-0.508983, -0.640845]
--
[-0.542019, -0.581187]
[0.538548, -0.207826]
[-0.508983, -0.640845]
--
[-0.542019, -0.581187]
[0.538548, -0.207827]
[-0.508983, -0.640845]
