--
[-1.11813, -0.362056]
[1.08692, -0.0710653]
[-0.915193, -0.377807]
--
[-1.11813, -0.362056]
[1.08693, -0.0710642]
[-0.915192, -0.377807]
--
[-1.11813, -0.362056]
[1.08693, -0.0710642]
[-0.915192, -0.377807]
--
[-1.11813, -0.362056]
[1.08693, -0.0710642]
[-0.915192, -0.377807]
--
[-1.11813, -0.362056]
[1.08693, -0.0710642]
[-0.915192, -0.377807]
--
[-1.11813, -0.362056]
[1.08692, -0.0710654]
[-0.915193, -0.377807]
--
[-1.11813, -0.362056]
[1.08692, -0.0710655]
[-0.915193, -0.377807]
--
[-1.11813, -0.362056]
[1.08693, -0.0710642]
[-0.915192, -0.377807]
--
[-1.11813, -0.362056]
[1.08692, -0.0710655]
[-0.915193, -0.377807]
--
[-1.11813, -0.362056]
[1.08692, -0.0710655]
[-0.915193, -0.377807]
