--
[-1.29111, -0.521121]
[0.726509, 0.506338]
[-0.84659, 0.179253]
--
[-1.29111, -0.521121]
[0.726509, 0.506337]
[-0.84659, 0.179253]
--
[-1.29111, -0.521121]
[0.7265, 0.506333]
[-0.846592, 0.17925]
--
[-1.29111, -0.521121]
[0.726509, 0.506338]
[-0.84659, 0.179253]
--
[-1.29111, -0.521121]
[0.72651, 0.506338]
[-0.84659, 0.179253]
--
[-1.29111, -0.521121]
[0.726509, 0.506337]
[-0.84659, 0.179253]
--
[-1.29111, -0.521121]
[0.72651, 0.506338]
[-0.84659, 0.179253]
--
[-1.29111, -0.521121]
[0.7265, 0.506333]
[-0.846592, 0.17925]
--
[-1.29111, -0.521121]
[0.726509, 0.506338]
[-0.84659, 0.179253]
--
[-1.29111, -0.521121]
[0.726509, 0.506338]
[-0.84659, 0.179253]
