--
[0, -0.5000000000000004, 0, -2, 0, 2, 0, 0, -0.5000000000000004, 0, -2, 0, 2, 0]
[0.3408720271460337, 0.2722150683284811, 0.1811444865568269, -2.529281544508936, 0.4728983265642019, 2.950805889682957, -0.09999951667086353, -0.005553840192535059, -0.5043115308015981, -0.002036473064192928, -1.992092300288348, -0.004292955972660797, 2.003507609129968, 0.002687631105241322]
[-0.5318375825619783, -0.4567979673843615, 0.2198246189238921, -2.454152345734285, -1.747660045636177, 1.324271072835082, -0.09198522986177732, 0.5725818332398896, -0.2464615436094675, 0.4384400480066001, -1.922277429928815, 0.2892776542587147, 2.603416889172397, -0.04494352503476014]
[0.01562913684089048, -0.4925094778886962, -0.004411335044559393, -1.986517424076829, 0.00940291190290937, 2.022734685670981, 0.006093202998723125, -0.2452101837303148, 0.4603793865664935, 0.324457694567705, -2.134222207112122, -0.2031654247781293, 2.476245772423669, 0.07109258640272073]
--
[0, -0.5000000000000004, 0, -2, 0, 2, 0, 0, -0.5000000000000004, 0, -2, 0, 2, 0]
[-0.07765806070403088, 0.4706904022567345, 0.5833275649512155, -2.221652550361656, -0.4802435647443944, 2.57012772046552, 0.09974827266928367, 0.00264202429205757, -0.4983328396459258, 0.008277799332020712, -1.987147253816393, -0.01641282180580938, 2.009311876863678, 0.00916427292082273]
[-0.3073405223126587, -0.542121649086346, -1.022906364081593, -2.220310722591445, 0.4431015982345395, 2.47517210707679, -0.0998548811681597, 0.1667526024161063, 0.02434368741467617, 0.2337474721508213, -2.384429924817681, 1.40869045526824, 0.7469481874216196, 0.07589028285165646]
[-0.01112378168504122, -0.508167940931161, -0.01930617462635642, -1.999730492571115, 0.001837177692098841, 1.995192424878133, 0.01187423703924283, 0.01796377477403385, 0.1663048575094809, 0.04030939067034368, -2.70403058760565, -0.3168356509006595, 2.999723666800088, -0.08394191979876722]
