--
[0, -0.5000000000000004, 0, -2, 0, 2, 0, 0, -0.5000000000000004, 0, -2, 0, 2, 0]
[-0.03769746697201713, 0.5540506176961192, 0.5401792654058961, -2.075205419040584, -0.4548461445359624, 2.521585747294002, 0.09999962154625663, 0.002627048891964335, -0.4935274536531309, -0.004326365560407262, -2.012046378338992, 0.006608680761910713, 2.001644433290244, -0.003626997807495141]
[-0.2575945156511518, -0.4797766539178409, -1.086585986180752, -2.158979956902481, 0.541539417241877, 2.471000621268178, -0.09999971011191257, 0.1452017599271802, 0.04236234758317312, 0.2926318232688895, -2.388449189551805, 1.41825423707438, 0.8219088034579263, 0.08335480839662145]
[0.005755889843833426, -0.5004605633175372, 0.005596823635826242, -1.985489683385719, 0.005595359717382854, 1.999486669099004, -0.01873804037887717, 0.1340592668357568, 0.2283957950321865, -0.02023521576952848, -2.617232446718101, -0.2078094631049426, 2.9999996638904, -0.08524961209543494]
--
[0, -0.5000000000000004, 0, -2, 0, 2, 0, 0, -0.5000000000000004, 0, -2, 0, 2, 0]
[0.3093431900088842, 0.3897425414327378, 0.2048997788726618, -2.343335197321685, 0.4280714801370851, 2.906526198263593, -0.09999983703982628, -0.003475559800602157, -0.4830405600944393, 0.003962427821125235, -1.983725205950576, -0.02610590748035251, 2.014549174317049, 0.01139323477725827]
[-0.4773670186752087, -0.3701957360587156, 0.1360847900660552, -2.379279115108083, -1.627887839465545, 1.374443065702972, -0.09999991478623856, 0.6255260194770201, -0.2581217158912723, 0.3881358290068097, -1.997415191563754, 0.4949086242299107, 2.588412748983634, -0.07608567524778914]
[-0.01592664007564877, -0.4990851207020393, 0.01038402938615716, -1.987068639934573, 0.01185987668453443, 1.999622546466888, -0.02211487980699657, -0.07716926840258824, 0.4809266459011303, 0.178018146508631, -2.050283031046741, 0.005294581900072259, 2.25084304220766, 0.08919449368315129]
