--
[0, -0.5000000000000004, 0, -2, 0, 2, 0, 0, -0.5000000000000004, 0, -2, 0, 2, 0]
[0.2630533362434299, 0.2046820347790566, 0.06585604331001724, -2.609311608805747, 0.4020257933174565, 2.909051025642613, -0.09956176846350534, 0.01425448836306464, -0.5068026136168787, 0.002887744106165818, -2.012604536910878, -0.002711441744375869, 1.978934862335578, -0.0118575131378311]
[-0.4175468247573833, -0.5343742530961212, 0.1161742816515876, -2.210471142454602, -1.462526364273166, 1.388415563453116, -0.09964369392131397, 0.5028148562211748, -0.2748004088034613, 0.5173064522967573, -1.903046810650984, 0.2843940057671131, 2.694814139131133, -0.05300839170718286]
[0.008808502176376689, -0.5022920315982733, -0.01324358356346012, -1.997378970155957, 0.01228078041697361, 2.011969342064894, -0.002483116027673402, -0.09769769891263545, 0.5500364974971137, 0.1801963789897486, -1.919470878426244, -0.09616004660343407, 2.040524182710409, 0.06648143040889222]
--
[0, -0.5000000000000004, 0, -2, 0, 2, 0, 0, -0.5000000000000004, 0, -2, 0, 2, 0]
[-0.1222101317628024, 0.3049471994252335, 0.5534799352945425, -2.429827129918715, -0.4595569771382533, 2.517239092605232, 0.0997851806942783, 0.0006188855679180844, -0.4989092208187821, -0.001366781963592928, -2.027588596882683, -0.01161100307418824, 1.999831317613136, 0.003695858796964492]
[-0.258331883725157, -0.5651932949212178, -1.002198132990413, -2.200247134829367, 0.4170792222932866, 2.352334669504553, -0.09999961187914035, 0.05754967154554507, 0.1221227294054296, 0.4182624120444031, -2.354406395231952, 1.243382827871706, 0.8939330008706855, 0.09631617688043047]
[0.009076172326013602, -0.5080480308596588, -0.001846751898827933, -2.001112447940923, -0.00877247079878736, 2.004028880929048, -0.007265540710632206, -0.07842286518375138, 0.2298231788767309, 0.09171295912182867, -2.617054096227763, -0.2776599548164633, 2.99999986247663, -0.09641078404800814]
