--
[0, -0.5000000000000004, 0, -2, 0, 2, 0, 0, -0.5000000000000004, 0, -2, 0, 2, 0]
[0.4040530255017761, 0.4127344631942249, 0.270878378316731, -2.341254564355561, 0.4185562139002412, 2.974314561975256, -0.009451342011799199, 0.008913078712285971, -0.502066269723168, -0.003495326573209874, -1.991287548281607, 0.01283143741467013, 2.009479034178167, -0.003774613835249668]
[-0.4124016995964111, -0.5050338365337681, 0.1015293677774233, -2.221631942623835, -1.375094215772316, 1.397888435208237, -0.09999939022448714, 0.4911412563638389, -0.2792720895872989, 0.5064663446886899, -1.930754268168971, 0.2575793977195185, 2.65501162736547, -0.04939770806787255]
[-0.0008380840982519732, -0.4926108029707631, -0.01596023201538526, -2.018842869997835, 0.00292007529082129, 1.998691139021141, -0.01031083430927165, -0.05924324968077451, 0.5304023876107815, 0.1151491664379942, -1.950206628098969, 0.01492076399448618, 2.057503249080457, 0.08767754960782527]
--
[0, -0.5000000000000004, 0, -2, 0, 2, 0, 0, -0.5000000000000004, 0, -2, 0, 2, 0]
[0.4729098201853068, 0.3983801354805488, 0.2215360330519552, -2.363401056311852, 0.4499108282405976, 3.000079708495347, 0.07863053933929706, -0.006875675087302679, -0.5119880964068882, 0.0113044646337376, -1.997476520185539, 0.01832843125700651, 2.009025081432189, -0.004533075989877245]
[-0.6726634303935055, -0.5474535137249922, 0.1180705843530873, -2.044724345594968, -1.347650129573262, 1.612327405390584, -0.1000015888347505, 0.6515573847007621, -0.4604270434784883, 0.32655096365188, -1.922964497701082, 0.217044520014185, 2.597676588764536, -0.06484793893981391]
[-0.02326933815052031, -0.4943783295590555, -0.009144430760643063, -2.002517986137792, 0.01707617408221337, 1.992864587408589, -0.0117931037468978, -0.1380646181488523, 0.4900667729411356, 0.1614624833231737, -2.033741972455639, 0.06493741025603615, 2.177522614453354, 0.08655377496921234]
