--
[0, -0.5000000000000004, 0, -2, 0, 2, 0, 0, -0.5000000000000004, 0, -2, 0, 2, 0]
[-0.2215593946550027, 0.3933173334346671, 0.4605453455046703, -2.292353096310076, -0.3442197296870544, 2.597815928002975, 0.09782025546072493, -0.01788242492793785, -0.5015683765761243, -0.01673193132135687, -2.015284137935902, 0.0141463456129833, 1.999963487937003, -0.01749347471763494]
[-0.2621612071828222, -0.3806219847702837, -1.302185561735919, -2.226587832843654, 0.3360592845774487, 2.466831232671816, -0.09417234269870106, -0.01494165870419653, 0.279077170431052, 0.4929162691264651, -2.593528885837086, 1.364310561620595, 0.8323736689530571, 0.08691445118220238]
[-0.01310671746649233, -0.5157065191941352, -0.01111052709486232, -2.022073771391172, 0.01185487427621784, 2.005373746669179, -0.01407012792309138, 0.176116331224561, 0.1507388989337497, -0.002842834056655806, -2.728874420848439, -0.1191033390242631, 2.999999592773376, -0.08740782513199624]
--
[0, -0.5000000000000004, 0, -2, 0, 2, 0, 0, -0.5000000000000004, 0, -2, 0, 2, 0]
[-0.2657445635528033, 0.4175342029457347, 0.5319420515538151, -2.280016889903044, -0.4106306544883172, 2.59297084958174, 0.08968197551205284, -0.003122893675322412, -0.5122072768397098, -0.02396578343265287, -2.008668616183769, -0.01287418159278515, 1.999962268813181, -0.003026445334098217]
[-0.30243260026119, -0.466880833448627, -1.231673397991076, -2.217474465881969, 0.2216473501588183, 2.391865116656863, -0.09521997564902156, 0.005192817666701822, 0.3291646304131194, 0.5569192142786613, -2.493230181880046, 1.39204767228557, 0.8497245728848478, 0.08983533467368725]
[0.006671875515181621, -0.5163820983753696, -0.008230474518839067, -1.979824529144771, -0.01489445116358754, 2.003315999649762, -0.001361922941540722, 0.2272615407453499, 0.1517043638773373, -0.05313292755734813, -2.726809916987024, -0.1609521521440045, 2.999999398720601, -0.08876268704850804]
