--
[0, -0.5000000000000004, 0, -2, 0, 2, 0, 0, -0.5000000000000004, 0, -2, 0, 2, 0]
[-0.07943666090121904, 0.6111482077139367, 0.6578093158477937, -2.055399944482594, -0.7798097971753116, 2.474065248567624, 0.0999996327157467, 0.003968755352213303, -0.4826996933767904, 0.006507571835090541, -1.999464192737981, -0.00326261952962907, 2.002074110348405, -0.01506308619411195]
[-0.3299915610414137, -0.2778219222376457, -0.9502120152147361, -2.201028157753901, 0.03604506804893735, 2.570362480387251, -0.09999972398517312, -0.05000851705711204, 0.2657947655714684, 0.420158230181658, -2.695892759300498, 1.239183894536323, 0.796455655379801, 0.09518370737322285]
[-0.002394541692357515, -0.5108076278999035, -0.01713761727236118, -2.000032590032321, 0.009559070759586723, 1.983521997502176, -0.007270589454965351, 0.1319089565726855, 0.240010229033611, -0.05992647865202397, -2.602970165757491, -0.06269308491746718, 2.999999852374699, -0.09778899215416517]
--
[0, -0.5000000000000004, 0, -2, 0, 2, 0, 0, -0.5000000000000004, 0, -2, 0, 2, 0]
[0.0967799369803163, 0.5810126291393681, 0.4189643538336837, -1.984680447107017, -0.3314933262033737, 2.515379214030979, 0.09999967353345489, -0.002492208566219675, -0.500452865970563, 0.007154706148856731, -1.998249659556203, -0.0114183011413593, 2.000298938030091, 0.01103149743619244]
[-0.3504181607572803, -0.4621278876241451, -1.042244397832262, -2.280723386192856, 0.2588591248002199, 2.490233008959522, -0.0999996939229824, -0.02847249187832911, 0.3366328082124118, 0.549214927114543, -2.566703974644773, 1.259754180272077, 0.8797312405792802, 0.08919310372221326]
[0.003141100347362072, -0.4919906031257794, -0.002451470996215808, -1.978610387271517, -0.01545597394023245, 2.004893927465926, -0.000971241375932336, 0.09320767401512164, 0.2413603337573078, -0.0350729616771692, -2.599599374005829, -0.1469018247195653, 2.999999740732212, -0.09047592173919612]
