--
[0, -0.5000000000000004, 0, -2, 0, 2, 0, 0, -0.5000000000000004, 0, -2, 0, 2, 0]
[-0.2061242871537947, 0.4579776230073706, 0.635409282973261, -2.239269930698243, -0.5754660054612633, 2.48764620196264, 0.0999994011089982, -0.00638921179196441, -0.4945506371016936, 0.006205698903914115, -2.004716165960202, -0.01917698658357102, 2.0020139385792, -0.01053093412746038]
[-0.2491965822229825, -0.5583242666215852, -1.102189257843536, -2.214766208775699, 0.4124144991646816, 2.4685726082857, -0.1000023552020487, 0.1400050841228516, 0.00382227100850873, 0.2624065726997697, -2.330270959844791, 1.46616850340314, 0.8006462078822925, 0.09063115176240175]
[0.006382164364234682, -0.4915489287754892, -0.003865668452017565, -1.992946697689133, -0.004758327002120504, 1.999101217943036, -0.00549601834248855, 0.1875860202382752, 0.1464105777735387, -0.01149264981786389, -2.732487826072985, -0.2477167585466714, 3.000276041971173, -0.0941695177550573]
--
[0, -0.5000000000000004, 0, -2, 0, 2, 0, 0, -0.5000000000000004, 0, -2, 0, 2, 0]
[0.1730154036502268, 0.265154866474513, 0.1735929555316677, -2.546370555565912, 0.1933053447761364, 2.948467844969642, 0.01476783012018339, -0.01695505436214884, -0.5239437841868956, 0.01532865833518326, -2.001984625311078, -0.0006036023296718212, 1.992580653386101, 0.007873276390059592]
[-0.609623337886488, -0.701671487863737, -0.04235777378489567, -1.868992112775179, -1.314658503672791, 1.530653581817965, 0.0215005033893423, 0.7097527934352195, -0.4761264693083046, 0.5465220866065276, -1.736108865396329, 0.2405557232950222, 2.618666449061201, -0.02640940516726449]
[-0.01506822220146154, -0.5056523673086344, 0.004014830703239092, -2.000491670097691, -0.01084894627717142, 1.996408944575726, 0.01257685838697221, -0.4320469180460996, 0.6911397233696348, 0.4065817744906655, -1.859272888212401, 0.4249499687627715, 2.177723486235711, 0.09999941903927308]
