--
[0, -0.5000000000000004, 0, -2, 0, 2, 0, 0, -0.5000000000000004, 0, -2, 0, 2, 0]
[0.2513862685321531, 0.221898718659449, 0.04251759698875154, -2.574429806966944, 0.3524249952994449, 2.880611662937425, -0.1000011085354843, -0.01127818758339698, -0.5056446330452139, 0.002600369342037015, -1.994525706398726, -0.01245510402800345, 2.005201447098985, 0.02811108527015815]
[-0.6065968830944052, -0.6512017718530554, 0.02760776943749829, -1.91211073143869, -1.263207146186092, 1.540775541188405, -0.0772649406263277, 0.6952722374868971, -0.4449660473768385, 0.485379332930499, -1.828262717204916, 0.1047748609794397, 2.701455909571126, -0.0583629254345863]
[0.01333875059453248, -0.5055529559140853, 0.01290205058229154, -1.998641115832272, 0.0008149484992466123, 1.993903557906484, 0.0167545399394216, -0.3982275071144561, 0.6363688479118587, 0.4411464197350548, -1.893310589042862, 0.04183920952940267, 2.056340964165831, 0.09006874926574791]
--
[0, -0.5000000000000004, 0, -2, 0, 2, 0, 0, -0.5000000000000004, 0, -2, 0, 2, 0]
[-0.5986845234790699, 0.3546929505464219, 0.8355832633612142, -2.522815638410594, -0.8037963878334637, 2.732901184549978, 0.09999982118041446, 0.002563114188918065, -0.495966268822858, 0.002344091014947327, -1.992024972646335, 0.008767194067324399, 1.98280885920145, 0.008568540791299874]
[-0.3157769630756254, -0.4862236085964278, -1.037705028061712, -2.159798690453685, 0.245020650799844, 2.372546768145814, -0.09999996489399676, 0.0482641541491146, 0.2244498782716371, 0.5004061777208305, -2.418854958808318, 1.367277091206982, 0.8221836226674101, 0.09409205958538179]
[-0.003181339849549645, -0.488403573543804, 0.006349184706388285, -2.005589268623345, -0.002219038566403481, 1.994916401990241, 0.006472643479906836, 0.251829034985498, 0.2288539205054057, -0.09937343623177718, -2.620042384872053, -0.05352118166555132, 2.999999595621138, -0.09332741821466436]
