--
[0, -0.5000000000000004, 0, -2, 0, 2, 0, 0, -0.5000000000000004, 0, -2, 0, 2, 0]
[0.3333195397867144, 0.4803835252175351, 0.1684914308153397, -2.191721631908699, 0.4615364340727766, 2.878727723456013, -0.09999942919134028, 0.00363782610536141, -0.5023453730155142, -0.004041150050334943, -1.987976530744416, 0.005648687996054514, 2.00452006194871, -0.0166575739863366]
[-0.4571399859969957, -0.558233971360942, 0.09924592236687377, -2.174015327352151, -1.359022002797429, 1.485951342995312, -0.09999958590349414, 0.5896627600820122, -0.2688449292412836, 0.5119119536193759, -1.873268496135518, 0.3604856973358776, 2.675413653912741, -0.05799782733226479]
[-0.004807911666050092, -0.5096995019481677, -0.01179341277517965, -2.006170146391685, -0.006947776307794786, 1.998115798387345, -0.002283002810894171, -0.06672167833551761, 0.5229365425080308, 0.1413653019001017, -1.982807421032797, 0.1497712267588361, 2.108892391272126, 0.08341541808421335]
--
[0, -0.5000000000000004, 0, -2, 0, 2, 0, 0, -0.5000000000000004, 0, -2, 0, 2, 0]
[-0.08337907945472384, 0.5918793436315152, 0.6152569632873155, -2.072268966092071, -0.6999432106987065, 2.540943669749434, 0.09999972838212697, 0.01139623683137827, -0.4941110586646898, 0.02204457942344315, -1.992644744232365, 0.001672911248637433, 1.992112806829142, 0.005248235850404063]
[-0.2495780485952034, -0.3449949234104231, -1.076665178456925, -2.136888213907219, 0.08989033980150558, 2.549738606983249, -0.09999981349250597, 0.005923552500400567, 0.1538807811332364, 0.4385953509672685, -2.631684657681801, 1.430622211257642, 0.7977910525568379, 0.09643572570046978]
[-0.01872413444685418, -0.5070938419017447, -0.003016834772195167, -2.008069792731452, 0.02535325173615306, 1.984558590981141, 0.0101189471932443, 0.1772171725607694, 0.2588285254964126, -0.03900569683352924, -2.573922264775827, -0.1624333705155944, 2.999999791761425, -0.09468102269729822]
