--
[0, -0.5000000000000004, 0, -2, 0, 2, 0, 0, -0.5000000000000004, 0, -2, 0, 2, 0]
[-0.02812329633372296, 0.4164943410257028, 0.710320794550599, -2.397626467533882, -0.414841034698698, 2.719437016212936, 0.09934792784157059, 0.004534152148232252, -0.5061517052792158, 0.002205935681113332, -2.010270184601477, -0.003482358349968784, 1.991474835301616, -0.001796052510535971]
[-0.1478913689748433, -0.3563267421557498, -1.140170717675584, -2.079432058764246, 0.05795712815838479, 2.388707371257007, -0.09999967990760608, -0.2236740353875921, 0.2994433044421044, 0.6307550925993392, -2.707981400622964, 1.340898639732451, 0.7495634870198959, 0.08518790172701428]
[-0.001816561371826824, -0.5028440844301202, -0.008208529720820978, -1.996852107860297, -0.0001764424340675867, 1.997494368010196, 0.01580705021352072, -0.09032353384912063, 0.2519629904857623, 0.1092916110083008, -2.586851188992508, -0.2553553959471916, 2.999999676455237, -0.08691476903850409]
--
[0, -0.5000000000000004, 0, -2, 0, 2, 0, 0, -0.5000000000000004, 0, -2, 0, 2, 0]
[0.3878964943854598, 0.2861232129868577, 0.388799619306099, -2.549044728245444, 0.1843857667603031, 2.972965044414463, 0.09960693253329019, -0.002768761575486616, -0.4941577800726527, 0.001262775657971871, -1.981060104564834, -0.0004340967947738187, 2.004299504623109, 0.01316078598832539]
[-0.4972945168532594, -0.5059877712156319, 0.07944689872582676, -2.145973944374433, -1.388999323599588, 1.41077407112482, -0.09837550833877082, 0.4568063415629068, -0.4453573808417281, 0.5044927506404113, -1.947132104393598, 0.1429572619068224, 2.633344642506282, -0.07412014581748261]
[0.009915379602322135, -0.5101893917698639, 0.003636506605734615, -1.984095584081878, -0.01121094041762368, 2.002758276259653, -0.001460805438660397, -0.06929501916969072, 0.5134937581491396, 0.09429245615518381, -1.982419035590373, 0.08446245280312034, 2.08818010725923, 0.09730411125355437]
