--
[0, -0.5, 0, -2, 0, 2, 0]
[0.669136, 0.747179, 0.774827, -1.89711, -0.846316, 1.39964, 0.0909866]
[-1, 0.762799, -0.468757, -1.82653, 0.478071, 1.22311, -0.0986781]
[0.999996, 0.762792, 0.0231551, -1.43566, 0.0264222, 1.57663, 0.0999966]
[0.933376, 0.762795, -0.978758, -2.21394, 0.800456, 1.20278, 0.099799]
--
[0, -0.5, 0, -2, 0, 2, 0]
[1.00239, -0.120189, 0.0544152, -2.81258, 2.09978, 2.77046, 0.100126]
[-1.00137, 0.521418, 0.0358212, -2.17421, -2.0976, 2.20534, -0.100114]
[1, 0.413635, 0.311853, -2.44842, -2.0973, 2.01204, -0.100003]
[-1, 0.568432, 0.913496, -2.28428, -0.697487, 1.45449, -0.0882489]
--
[0, -0.5, 0, -2, 0, 2, 0]
[-0.705078, -1.2628, 1.74094, -1.97474, 0.854106, 1.5185, 0.0999516]
[0.233317, 0.0889662, -1.15642, -2.64388, -1.36703, 2.57076, -0.0999883]
[-0.822756, -0.533976, 2.05404, -2.50629, -0.0417192, 3.00079, -0.0676076]
[1, -0.739487, -1.50431, -2.66258, -0.949129, 2.35517, 0.0902432]
--
[0, -0.5, 0, -2, 0, 2, 0]
[0.956545, -0.023237, -0.0357509, -2.71736, 1.51352, 2.58204, 0.10021]
[-0.207777, 0.181088, -1.29502, -2.44865, 0.39364, 2.01292, -0.100129]
[1.00006, 0.445364, -0.133012, -2.16992, 0.868974, 2.3441, -0.100027]
[1.0001, 0.727409, -1.2088, -2.42397, -1.21494, 3.00015, 0.0707184]
--
[0, -0.5, 0, -2, 0, 2, 0]
[1.00239, -0.120189, 0.0544152, -2.81258, 2.09978, 2.77046, 0.100126]
[-1.00137, 0.521418, 0.0358212, -2.17421, -2.0976, 2.20534, -0.100114]
[1, 0.413635, 0.311853, -2.44842, -2.0973, 2.01204, -0.100003]
[-1, 0.568432, 0.913496, -2.28428, -0.697487, 1.45449, -0.0882489]
