--
[0, -0.5, 0, -2, 0, 2, 0]
[0.192952, -0.0391464, 0.869985, -2.6952, 0.683585, 2.63123, 0.0859822]
[-0.304854, -0.132308, -0.604334, -2.76175, -0.988116, 2.14325, -0.0815225]
[0.431493, 0.347568, 0.522774, -2.23493, 0.170621, 2.50607, 0.0999854]
[0.165364, 0.0231359, 0.167363, -2.50178, 0.0384198, 2.06507, -0.0999951]
[0.377845, 0.481475, 0.933971, -2.41946, 0.0813256, 2.96865, 0.0823221]
[-0.358906, 0.0983111, -0.299778, -2.51598, -0.615007, 2.03423, -0.101832]
--
[0, -0.5, 0, -2, 0, 2, 0]
[0.373718, 0.158813, 0.453116, -2.51955, 0.837159, 2.29423, 0.0999479]
[-0.330395, 0.129015, -0.508433, -2.4635, -0.421008, 2.1171, -0.0999807]
[0.377265, 0.383111, 0.48919, -2.21889, 0.560299, 2.43138, 0.1]
[0.0979368, -0.0152044, 0.0884512, -2.57668, 0.0573938, 2.01433, -0.0944594]
[0.611858, 0.41588, 0.668134, -2.2634, 0.547873, 2.68429, 0.0999997]
[-0.276173, 0.146924, -0.272778, -2.45612, -0.786233, 2.24315, -0.0999999]
--
[0, -0.5, 0, -2, 0, 2, 0]
[0.451103, 0.147183, 0.506589, -2.44772, 0.307879, 2.26865, 0.0910604]
[-0.549614, -0.025002, -0.367725, -2.70675, -0.936356, 2.04236, -0.00548842]
[0.318208, 0.315915, 0.618518, -2.35097, 0.483133, 2.68052, 0.0999834]
[0.11072, 0.00493921, 0.081528, -2.51454, 0.0486444, 2.05745, -0.099548]
[0.592665, 0.418104, 0.710424, -2.27383, 0.590429, 2.6559, 0.100051]
[-0.378019, 0.104178, -0.349731, -2.51685, -0.681209, 1.96591, -0.10005]
--
[0, -0.5, 0, -2, 0, 2, 0]
[0.25166, 0.182515, 0.549607, -2.50005, 0.767695, 2.26813, 0.100036]
[-0.335005, -0.0049426, -0.704458, -2.66322, -0.734957, 2.12385, -0.100039]
[0.448205, 0.307969, 0.48236, -2.3085, 0.53548, 2.59613, 0.0994135]
[0.117639, -0.0221762, 0.0801285, -2.55276, 0.0830891, 2.06185, -0.0717479]
[0.598884, 0.381319, 0.736429, -2.30716, 0.345212, 2.6979, 0.107915]
[-0.307576, 0.00873528, -0.277054, -2.64824, -0.827916, 1.90179, -0.10003]
--
[0, -0.5, 0, -2, 0, 2, 0]
[0.306109, 0.317474, 0.428123, -2.32309, 0.66364, 2.14234, 0.0997829]
[-0.526929, -0.0705071, -0.305858, -2.74409, -0.936239, 2.27049, -0.0998619]
[0.43701, 0.299215, 0.508587, -2.33667, 0.477426, 2.6529, 0.0992397]
[0.136508, -0.0338066, 0.147482, -2.56392, 0.0548419, 2.07742, -0.0521648]
[0.630918, 0.428084, 0.6468, -2.26943, 0.965028, 2.62789, 0.0995392]
[-0.382093, 0.151766, -0.343548, -2.4385, -0.559317, 2.02813, -0.0858324]
