--
[0, -0.5000000000000004, 0, -2, 0, 2, 0]
[-0.4999941607265778, -0.09802596785721039, 1.863413879965415, -2.761799076847011, 1.180055419420829, 2.98064532873154, 1.794963739789265]
[-0.5769359155844619, 0.1643651111337536, -0.4537605239523122, -2.506646305350353, -0.6193193586026193, 2.225771800168304, 0.03678532060307269]
--
[0, -0.5000000000000004, 0, -2, 0, 2, 0]
[-0.6142495448976907, -0.09734663104459787, 1.967101104497515, -2.751504253359665, 1.059256300980498, 2.975454403596077, 1.90387419470386]
[-0.5975911294386895, 0.1110877153439798, -0.6178361560008868, -2.53785417602354, -0.3374372351939272, 2.432245908673562, -0.07395684985813189]
--
[0, -0.5000000000000004, 0, -2, 0, 2, 0]
[0.6394382771817586, 0.2737784478687449, 0.6125927472724348, -2.339100651670969, -0.3209853631299814, 2.229890492149864, -0.0723428187740414]
[-0.5486509268821499, 0.278061477968557, -0.3692494949049999, -2.429423817907189, -0.9844029003138496, 2.253902074410199, -0.4686857421701741]
--
[0, -0.5000000000000004, 0, -2, 0, 2, 0]
[1.75251104495976, 0.02326947802484559, -0.4953067097289933, -2.780906859858657, 0.4297262180314466, 2.971634033020211, 2.411394582314359]
[-0.4841115046767876, 0.3150861364597868, -0.6539724522455241, -2.299756277673042, 0.1644734586018785, 2.464199106221178, 0.235547625876019]
--
[0, -0.5000000000000004, 0, -2, 0, 2, 0]
[0.5052997297452821, 0.05936478212706013, 0.6839535749774277, -2.687790261753678, -0.04956640369137312, 2.781787534239178, -0.337419498200597]
[-0.3747231906567512, 0.2376210444104927, -0.4366084476624177, -2.415942785251243, -0.8322422100401824, 2.569992640944844, -0.7308876801139729]
--
[0, -0.5000000000000004, 0, -2, 0, 2, 0]
[1.066442416355831, 0.01575701334913487, 0.1922764146191636, -2.793560075241766, 0.4628337661061949, 3.000051655826192, -0.7647502881132243]
[-0.5168473684378112, 0.1579107464933654, -0.5020872834677547, -2.571876597437029, -0.8611212822076728, 2.273113061461362, -0.773229832522095]
--
[0, -0.5000000000000004, 0, -2, 0, 2, 0]
[1.025362484841123, 0.03448048931601603, 0.1834022045954202, -2.724910977632418, 0.1043618153765224, 2.85244479032019, -0.4611146788242658]
[-0.8986944065473174, 0.4189143199762762, -0.2705538989716152, -2.124758205811502, -0.7299790888825163, 2.378907574850368, -0.2700382517819074]
--
[0, -0.5000000000000004, 0, -2, 0, 2, 0]
[0.3194317427980597, 0.01923369980280552, 0.9248620193088037, -2.800597324441533, 0.4349681718489622, 3.001597168654538, 2.387366591421366]
[-0.4017473999625724, 0.2267957070183161, -0.7503835958935045, -2.422225664245048, -0.02799538578519231, 2.19058725546873, -0.3403217602567976]
--
[0, -0.5000000000000004, 0, -2, 0, 2, 0]
[-0.5854209532794887, -0.5093310468541823, 1.883942592200303, -2.453857769133505, 0.6237770832513049, 2.334179245139524, 2.366986749185739]
[-0.4709779344230756, 0.1478687889932655, -0.474240303964665, -2.510359742379745, -0.30905514004653, 2.646425161680078, 0.1625108139711355]
--
[0, -0.5000000000000004, 0, -2, 0, 2, 0]
[1.079115747602043, 0.02518820991058263, 0.1434563758462502, -2.759878866048838, 0.2212094849178037, 2.922658518455342, -0.5612056048686458]
[-0.5107988712733218, 0.3531745731085338, -0.534194415472922, -2.358851473011501, -0.9117427464064054, 2.357604719951954, -1.076038417540945]
