--
[0, -0.5, 0, -2, 0, 2, 0]
[0.927438, 0.663623, -0.134935, -1.74523, 0.151149, 2.35971, 0.0854115]
[-0.995259, 0.199961, 1.094, -2.71964, -0.473991, 2.72559, -0.086722]
[-0.429032, 0.762856, 0.214355, -1.57326, -0.17698, 2.25572, -0.100047]
[0.115368, -0.229913, -0.0462706, -2.68445, 0.029221, 2.40105, 0.100048]
[-0.940264, 0.762825, 0.292325, -1.5901, -0.108219, 1.80597, -0.100014]
[1, 0.0979655, -1.29025, -2.07304, 0.361157, 1.62863, 0.100014]
[-1, -0.385175, 1.70071, -2.73873, 0.84187, 2.46314, 0.0968657]
[-0.149276, -0.423787, 0.104213, -2.23306, 0.0338665, 1.6449, 0.100011]
