--
[0, -0.5, 0, -2, 0, 2, 0]
[-1.00159, -1.20104, 1.80282, -2.29681, 1.4291, 2.06512, 0.0438542]
[0.863892, -1.18981, -1.84223, -2.14913, -1.36618, 2.07691, -0.10049]
[0.214981, 0.76333, -0.402392, -1.73412, 1.35611, 1.99984, 0.102484]
[-1.00083, 0.721464, -0.0844687, -1.38528, 0.576367, 1.42442, -0.102301]
[0.996235, 0.654, -0.8641, -2.11964, 0.451416, 1.98386, 0.0972504]
[-0.72568, 0.317592, 0.234157, -1.70688, -0.409068, 1.61964, -0.0978021]
[0.235002, 0.0277916, 0.124569, -2.83313, 1.31887, 2.53098, 0.10006]
[-0.835359, 0.534612, -0.174289, -1.07917, 0.333365, 1.05362, 0.0462703]
