--
[0, -0.5, 0, -2, 0, 2, 0]
[-1.47472, -1.62801, 1.60067, -1.75855, 1.63287, 1.58651, 0.0997561]
[-1.52071, 0.81142, 0.825815, -1.84544, -0.789396, 2.28869, -0.0996491]
[0.192986, 0.689526, -0.156921, -1.75327, 0.35707, 2.5232, 0.0478574]
[-2.00013, 1.66134, 1.76264, -1.83753, -1.4778, 1.44927, 0.0999999]
[1.99995, -0.102834, -2.22849, -2.78307, 0.301205, 2.768, 0.048667]
[1.12438, -0.630841, -1.83261, -1.7657, -0.477477, 1.76067, -0.0206517]
[-0.743452, 0.162274, 1.11657, -2.79394, 0.843137, 2.7801, 0.0762282]
[-1.47408, 0.64342, 0.949552, -1.15831, -0.252841, 1.24151, -0.0742551]
