--
[0, -0.5, 0, -2, 0, 2, 0, 0, -0.5, 0, -2, 0, 2, 0]
[-0.965648, -1.16246, 2.09748, -2.29343, 0.561341, 2.99994, 0.10004, 0.00489692, -0.500396, 0.00172425, -2.00997, 0.00287586, 1.99841, 0.00115786]
[0.589873, -1.12997, -1.07446, -1.95451, -0.534727, 2.03182, -0.100018, -0.516957, -0.348453, 0.692725, -1.98208, 1.10624, 1.83074, 0.0999814]
[-0.010464, -0.51197, -0.0179724, -1.99885, 0.00580275, 1.98718, -0.00208154, 0.232076, 0.518051, -0.0379584, -1.99479, -0.309488, 2.3022, -0.0999914]
--
[0, -0.5, 0, -2, 0, 2, 0, 0, -0.5, 0, -2, 0, 2, 0]
[-0.965648, -1.16246, 2.09748, -2.29343, 0.561341, 2.99994, 0.10004, 0.00489692, -0.500396, 0.00172425, -2.00997, 0.00287586, 1.99841, 0.00115786]
[0.589873, -1.12997, -1.07446, -1.95451, -0.534727, 2.03182, -0.100018, -0.516957, -0.348453, 0.692725, -1.98208, 1.10624, 1.83074, 0.0999814]
[-0.010464, -0.51197, -0.0179724, -1.99885, 0.00580275, 1.98718, -0.00208154, 0.232076, 0.518051, -0.0379584, -1.99479, -0.309488, 2.3022, -0.0999914]
