--
[0, -0.5, 0, -2, 0, 2, 0, 0, -0.5, 0, -2, 0, 2, 0]
[-0.0726535, 0.472716, 0.643001, -2.40498, -0.0163351, 2.99765, 0.0999995, 0.00768469, -0.514054, -0.00854835, -2.00666, -0.00137887, 1.98582, 0.0187284]
[0.607254, -0.798974, -1.77244, -2.04064, 0.391448, 1.71123, -0.0999996, -0.737107, 0.0106791, 1.24124, -1.98777, 0.904529, 1.78077, 0.0911498]
[-0.00363347, -0.5007, 0.00391379, -2.00657, 0.00748644, 1.99258, -0.0121295, 0.461167, 0.492492, -0.0325566, -2.14236, -0.676966, 1.94589, -0.0997992]
--
[0, -0.5, 0, -2, 0, 2, 0, 0, -0.5, 0, -2, 0, 2, 0]
[-0.999972, -1.04308, 2.09727, -2.36501, 0.661315, 2.92146, 0.100007, -0.00689427, -0.496884, 0.0156904, -2.00376, 0.00810201, 1.99654, 0.00154184]
[0.612318, -1.26142, -1.21154, -2.01435, -0.565544, 2.02559, -0.099996, -0.519776, -0.20965, 0.749015, -1.92185, 0.996633, 1.85747, 0.0929403]
[-0.00291396, -0.504935, 0.00213239, -1.99541, 0.00294652, 1.99604, -0.0140388, 0.494478, 0.612264, -0.304396, -1.88045, -0.133991, 2.16448, -0.0999964]
