--
[0, -0.5, 0, -2, 0, 2, 0, 0, -0.5, 0, -2, 0, 2, 0]
[-0.953309, -1.26286, 2.04918, -2.12469, 0.673649, 2.77094, 0.100025, -0.0103074, -0.483435, 0.00764228, -1.99913, -0.00141103, 2.00541, -0.0096566]
[0.861489, -1.26278, -0.993311, -1.78891, -0.532641, 2.03936, -0.0999867, -0.551058, -0.383182, 0.703749, -2.07127, 1.39969, 1.90634, 0.100093]
[-0.00484161, -0.518915, 0.00709378, -2.00487, -0.0169459, 1.99306, -0.00255029, 0.346697, 0.493481, -0.378552, -2.07685, 0.134158, 2.37683, -0.102764]
--
[0, -0.5, 0, -2, 0, 2, 0, 0, -0.5, 0, -2, 0, 2, 0]
[-0.213604, 0.690445, 0.718729, -2.16916, 0.398302, 2.99959, 0.0999566, -0.00378892, -0.494095, 0.00521438, -1.99717, 0.0136268, 2.00549, 0.0017469]
[0.844044, -1.2628, -1.71162, -1.82465, 0.380964, 1.70983, -0.0312349, -0.453763, -0.540294, 1.02238, -1.96507, 0.913609, 2.01111, 0.1]
[-0.000617504, -0.492976, -0.00615566, -2.01895, -0.000543257, 1.98957, -0.0219295, 0.534965, 0.504203, -0.23356, -2.08524, -0.460195, 2.20256, -0.100012]
