--
[0, -0.5, 0, -2, 0, 2, 0, 0, -0.5, 0, -2, 0, 2, 0]
[0.213483, 0.484745, 0.372202, -2.26959, 0.305533, 2.99801, 0.0769294, -0.0130512, -0.523074, -0.0193814, -2.01136, 0.0240309, 2.0182, 0.0132654]
[0.713108, -0.928941, -1.78298, -1.99472, 0.38134, 1.7076, -0.0981515, -0.552747, -0.144281, 1.12861, -1.93677, 0.908156, 1.89628, 0.1]
[-0.0169717, -0.485735, -0.00760775, -1.99774, 0.0172947, 2.00442, -0.0234363, 0.639937, 0.545958, -0.282714, -2.06016, -0.502078, 2.07531, -0.1]
--
[0, -0.5, 0, -2, 0, 2, 0, 0, -0.5, 0, -2, 0, 2, 0]
[0.2071, 0.554551, 0.324256, -2.09802, 1.24933, 2.81505, 0.100132, -0.00717184, -0.4764, 0.000730745, -1.99865, 0.00205486, 2.02795, -0.0166529]
[0.903797, -0.99432, -0.711576, -2.01259, -0.550233, 1.25589, -0.100275, -0.346967, -0.65238, 0.951454, -1.97145, 1.22779, 1.7931, 0.100084]
[0.00686386, -0.503036, -0.00830455, -1.97846, 0.00225578, 2.01765, -0.00327442, 1.01013, -1.26893, -2.07773, -2.74782, -0.0367913, 2.90007, -0.101334]
