--
[0, -0.5, 0, -2, 0, 2, 0, 0, -0.5, 0, -2, 0, 2, 0]
[-0.996623, -1.26338, 2.05164, -2.02538, 0.463669, 2.63974, 0.100129, -0.0031445, -0.508119, -0.0197813, -1.99443, 0.00631947, 1.9888, 0.0173142]
[0.464177, -0.859952, -0.647963, -2.0496, -0.5957, 1.6494, -0.100126, -0.44055, -0.573861, 0.953351, -1.97907, 0.586476, 1.69829, 0.100626]
[0.0165435, -0.492381, 0.00139234, -2.00178, 0.00457403, 1.99054, 0.00770967, 0.240543, 0.414628, -0.412157, -2.2995, -1.17086, 3.00039, -0.100599]
--
[0, -0.5, 0, -2, 0, 2, 0, 0, -0.5, 0, -2, 0, 2, 0]
[-0.938294, -1.26301, 2.09491, -2.21609, 0.644981, 3.00002, 0.100047, -0.01313, -0.491356, 0.00469985, -2.00627, -0.00260895, 2.00501, 0.00911636]
[0.56446, -1.07028, -1.13448, -2.10574, -0.758552, 2.01674, -0.105695, -0.809375, -0.45881, 0.993387, -2.2729, 0.989284, 1.63028, 0.100357]
[-0.00941046, -0.502119, 0.00445543, -2.00936, 0.000163083, 1.99611, 0.0093215, 0.372853, 0.50827, -0.308543, -2.06196, -0.361111, 2.3896, -0.100472]
