--
[0, -0.5, 0, -2, 0, 2, 0, 0, -0.5, 0, -2, 0, 2, 0]
[-0.94973, -1.17137, 2.0879, -2.32041, 0.496776, 3.00008, 0.100081, -0.00442838, -0.499673, 0.00714778, -1.9924, 0.00913013, 1.99278, -0.0018208]
[0.36122, -0.777388, -1.09186, -2.00225, -0.562399, 1.80873, -0.0623014, -0.645463, -0.284692, 0.882919, -2.08478, 0.843822, 1.45451, 0.100102]
[-0.0077544, -0.483483, -0.00373359, -1.98905, 0.0108438, 1.99618, 0.0187131, 0.395169, 0.53953, -0.0494835, -2.03075, -0.772954, 2.11721, -0.100121]
--
[0, -0.5, 0, -2, 0, 2, 0, 0, -0.5, 0, -2, 0, 2, 0]
[-1.00027, -1.04318, 2.0977, -2.37745, 0.58483, 2.95293, 0.10002, -0.00853253, -0.496046, -0.0158206, -2.00626, 0.00574903, 2.00032, 0.00157343]
[0.47108, -0.892142, -1.34244, -2.1436, -0.56983, 2.14536, -0.0992159, -0.75529, -0.151499, 1.05461, -2.04339, 0.791728, 1.75902, 0.0999919]
[-0.0122498, -0.514342, -0.00296303, -1.98918, 0.0150617, 2.00306, -0.00606825, 0.488087, 0.540418, -0.175528, -2.01942, -0.492376, 2.11877, -0.0999968]
