--
[0, -0.5, 0, -2, 0, 2, 0, 0, -0.5, 0, -2, 0, 2, 0]
[-0.992303, -1.26342, 2.06692, -2.04308, 0.339919, 2.68839, 0.100182, -0.00295886, -0.513195, 0.001689, -1.99682, 0.00987396, 1.99965, 0.00515708]
[0.439416, -0.733519, -0.797182, -2.17958, -0.842845, 1.93087, -0.100106, -0.597923, -0.711452, 0.963186, -2.11959, 0.596164, 1.64415, 0.100829]
[0.0107432, -0.500966, -8.07339e-05, -2.00441, 0.00211915, 2.0029, 0.00361765, 0.123721, 0.4057, -0.278689, -2.2895, -1.10544, 2.95176, -0.100818]
--
[0, -0.5, 0, -2, 0, 2, 0, 0, -0.5, 0, -2, 0, 2, 0]
[-0.253985, 0.702761, 0.762472, -2.17598, 0.577478, 2.99229, 0.09949, -0.00841479, -0.497937, 0.00395515, -1.98403, -0.00452099, 1.97687, 0.0082796]
[0.871307, -1.26244, -1.73927, -1.82787, 0.403984, 1.67173, -0.00961964, -0.514686, -0.589185, 1.15537, -1.90925, 0.836812, 2.01193, 0.0914153]
[-0.0380781, -0.480013, -0.00039821, -1.98516, 0.0128462, 2.00475, 0.0323008, 0.482336, 0.473168, -0.158547, -2.12678, -0.514429, 2.16064, -0.0999995]
