--
[0, -0.5, 0, -2, 0, 2, 0, 0, -0.5, 0, -2, 0, 2, 0]
[-0.940978, -1.26294, 2.08373, -2.19214, 0.669996, 2.94284, 0.100069, 0.0164499, -0.50135, 0.00169573, -2.01041, 0.00907528, 1.99714, -0.0188598]
[0.587238, -1.17355, -1.01575, -2.05033, -0.839728, 2.00748, -0.100833, -0.829524, -0.662359, 0.844983, -2.1561, 0.973282, 1.46426, 0.100311]
[-0.038502, -0.516449, -0.0182162, -2.00819, 0.00166552, 2.00559, -0.00184185, 0.164659, 0.498303, -0.133794, -2.03475, -0.379865, 2.34058, -0.100425]
--
[0, -0.5, 0, -2, 0, 2, 0, 0, -0.5, 0, -2, 0, 2, 0]
[-1.00036, -1.26326, 2.04965, -2.00424, 0.303884, 2.5779, 0.100199, 0.00249679, -0.493778, 0.0024235, -2.01102, -0.0140839, 2.00317, 0.00635921]
[0.499668, -0.829864, -0.645007, -1.90148, -0.603584, 1.64378, -0.100212, -0.516808, -0.757575, 0.909966, -1.98018, 0.736242, 1.73706, 0.100289]
[0.0031591, -0.484118, -0.00261424, -2.00232, -0.00519314, 1.98866, 0.00448931, 0.287278, 0.418357, -0.442256, -2.30449, -1.16447, 3.0002, -0.100302]
