--
[0, -0.5, 0, -2, 0, 2, 0, 0, -0.5, 0, -2, 0, 2, 0]
[0.0377529, 0.415746, 0.585049, -2.44415, 0.209995, 3.00017, -0.0314618, -0.025456, -0.539117, 0.0182186, -2.02062, 0.00799962, 1.99795, -0.0169802]
[-0.252741, -0.415366, -1.22987, -2.11274, 0.125511, 1.57722, 0.0416753, -0.378492, -0.181014, 1.02004, -2.16628, 0.543285, 1.29259, 0.100272]
[-0.00647847, -0.496947, -0.0176882, -2.05683, -0.0101429, 1.98299, -0.0286266, 0.536623, 0.459765, -0.053791, -2.33039, -1.48983, 2.04944, -0.100602]
--
[0, -0.5, 0, -2, 0, 2, 0, 0, -0.5, 0, -2, 0, 2, 0]
[-0.981758, -1.10278, 2.08836, -2.34098, 0.378169, 3.00013, 0.100094, 0.00384435, -0.497501, 0.0032639, -1.99701, 0.00327535, 2.01057, -0.00298067]
[0.484983, -0.977219, -1.06814, -1.96803, -0.533609, 1.8188, -0.10242, -0.566558, -0.244512, 0.833354, -1.94217, 0.861849, 1.63796, 0.100124]
[-0.00935047, -0.494365, 0.0133865, -1.99297, -0.00680212, 2.00184, 0.0198434, 0.378528, 0.535066, -0.0740657, -2.0192, -0.679443, 2.19399, -0.100104]
