--
[0, -0.5, 0, -2, 0, 2, 0, 0, -0.5, 0, -2, 0, 2, 0]
[-0.143927, 0.517857, 0.692304, -2.37699, 0.00862946, 2.9977, 0.00355313, 0.0127035, -0.488951, 0.00845133, -1.99621, 0.000694485, 1.99706, 0.0122113]
[0.759589, -1.2628, -1.57363, -1.85528, 0.154088, 1.87204, -0.0928189, -0.652774, -0.284155, 0.948112, -1.951, 0.946241, 1.87379, 0.0999999]
[-0.0110657, -0.481463, -0.00745907, -2.02702, -0.0241831, 2.00938, 0.00115298, 0.391097, 0.527692, -0.0795039, -2.02324, -0.545325, 2.11354, -0.0999999]
--
[0, -0.5, 0, -2, 0, 2, 0, 0, -0.5, 0, -2, 0, 2, 0]
[-0.248085, 0.71235, 0.741867, -2.16315, 0.322546, 2.98961, 0.0991397, 0.00667091, -0.48202, 0.00653366, -2.01124, -0.00567385, 1.99743, 0.00671931]
[0.816101, -1.26263, -1.67961, -1.87763, 0.406591, 1.75575, -0.0771935, -0.489419, -0.574577, 1.0564, -1.91871, 0.945507, 1.97973, 0.0990469]
[-0.00642563, -0.485252, 0.0103664, -1.98885, 0.0089767, 2.01144, -0.0160423, 0.441176, 0.466073, -0.127004, -2.12948, -0.515771, 2.17606, -0.1]
