--
[-0.5, 0.5]
[0.499962, 0.319942]
[-0.900035, -0.480056]
--
[-0.5, 0.5]
[0.499962, 0.319942]
[-0.900035, -0.480056]
--
[-0.5, 0.5]
[0.556681, 0.134658]
[-0.84332, -0.665343]
--
[-0.5, 0.5]
[0.500026, 0.322787]
[-0.899973, -0.477213]
--
[-0.5, 0.5]
[0.687957, 0.700028]
[-0.712043, -0.0999716]
--
[-0.5, 0.5]
[0.500073, 0.354918]
[-0.899906, -0.445056]
--
[-0.5, 0.5]
[0.548442, 0.142459]
[-0.851558, -0.657542]
--
[-0.5, 0.5]
[0.537733, 0.646334]
[-0.862267, -0.153666]
--
[-0.5, 0.5]
[0.499865, 0.38513]
[-0.900134, -0.41487]
--
[-0.5, 0.5]
[0.499279, 0.452029]
[-0.900715, -0.347965]
