--
[-0.673298, 0.373441]
[0.106739, 0.401646]
[-0.806535, -0.047448]
--
[-0.673298, 0.373441]
[0.106739, 0.401646]
[-0.806535, -0.047448]
--
[-0.673298, 0.373441]
[-0.0521263, 0.0470285]
[-0.9654, -0.402068]
--
[-0.673298, 0.373441]
[-0.0521226, 0.0731893]
[-0.965396, -0.375907]
--
[-0.673298, 0.373441]
[0.0992785, 0.400936]
[-0.813995, -0.0481597]
--
[-0.673298, 0.373441]
[0.0761643, 0.398858]
[-0.837109, -0.0502376]
--
[-0.673298, 0.373441]
[-0.0526077, 0.176122]
[-0.96588, -0.272823]
--
[-0.673298, 0.373441]
[0.493366, 0.401492]
[-0.4199, -0.0476011]
--
[-0.673298, 0.373441]
[-0.0525438, 0.18826]
[-0.965811, -0.260837]
--
[-0.673298, 0.373441]
[-0.0525866, 0.235601]
[-0.965856, -0.213344]
