--
[-0.505031, -0.810792]
[0.409732, -0.298273]
[-0.774173, -0.0635352]
--
[-0.505031, -0.810792]
[0.448684, -0.293031]
[-0.735217, -0.0582939]
--
[-0.505031, -0.810792]
[0.414829, -0.296917]
[-0.769072, -0.0621782]
--
[-0.505031, -0.810792]
[0.491209, -0.293178]
[-0.692693, -0.0584413]
--
[-0.505031, -0.810792]
[0.414828, -0.296921]
[-0.769073, -0.0621823]
--
[-0.505031, -0.810792]
[0.410735, -0.298538]
[-0.773167, -0.0638008]
--
[-0.505031, -0.810792]
[0.40976, -0.298363]
[-0.774145, -0.0636253]
--
[-0.505031, -0.810792]
[0.410163, -0.298737]
[-0.773738, -0.0640001]
--
[-0.505031, -0.810792]
[0.411831, -0.298166]
[-0.77207, -0.063428]
--
[-0.505031, -0.810792]
[0.410148, -0.298442]
[-0.773753, -0.0637041]
