--
[-0.114025, 0.717599]
[0.649474, 0.394276]
[-0.664288, -0.0415207]
--
[-0.114025, 0.717599]
[0.650187, 0.39428]
[-0.663575, -0.0415174]
--
[-0.114025, 0.717599]
[0.65492, 0.394315]
[-0.658842, -0.0414817]
--
[-0.114025, 0.717599]
[0.652271, 0.394277]
[-0.661491, -0.04152]
--
[-0.114025, 0.717599]
[0.654326, 0.394319]
[-0.659436, -0.0414774]
--
[-0.114025, 0.717599]
[0.654222, 0.394302]
[-0.65954, -0.0414944]
--
[-0.114025, 0.717599]
[0.656345, 0.394331]
[-0.657416, -0.0414662]
--
[-0.114025, 0.717599]
[0.652409, 0.394278]
[-0.661353, -0.0415186]
--
[-0.114025, 0.717599]
[0.652955, 0.394311]
[-0.660807, -0.0414855]
--
[-0.114025, 0.717599]
[0.656803, 0.394282]
[-0.656959, -0.041515]
