--
[-0.919195, 0.805698]
[0.91642, -0.396619]
[-0.670142, -0.142303]
--
[-0.919195, 0.805698]
[0.959147, -0.396848]
[-0.627415, -0.142533]
--
[-0.919195, 0.805698]
[1.0115, -0.396327]
[-0.57506, -0.142011]
--
[-0.919195, 0.805698]
[0.963197, -0.39689]
[-0.623366, -0.142574]
--
[-0.919195, 0.805698]
[0.931082, -0.396906]
[-0.655481, -0.142591]
--
[-0.919195, 0.805698]
[0.913525, -0.396616]
[-0.673036, -0.1423]
--
[-0.919195, 0.805698]
[0.849021, -0.409581]
[-0.73754, -0.155265]
--
[-0.919195, 0.805698]
[0.865562, -0.402942]
[-0.720997, -0.148626]
--
[-0.919195, 0.805698]
[0.846036, -0.411008]
[-0.740525, -0.156692]
--
[-0.919195, 0.805698]
[0.929254, -0.396888]
[-0.657309, -0.142573]
