--
[-0.431925, 0.790755]
[0.543961, 0.755333]
[-0.814623, -0.147987]
--
[-0.431925, 0.790755]
[0.557697, 0.755838]
[-0.800887, -0.147482]
--
[-0.431925, 0.790755]
[0.541981, 0.755238]
[-0.816603, -0.148083]
--
[-0.431925, 0.790755]
[0.542438, 0.75526]
[-0.816146, -0.148061]
--
[-0.431925, 0.790755]
[0.545318, 0.755398]
[-0.813266, -0.147922]
--
[-0.431925, 0.790755]
[0.591198, 0.756781]
[-0.767386, -0.146501]
--
[-0.431925, 0.790755]
[0.541926, 0.755235]
[-0.816658, -0.148086]
--
[-0.431925, 0.790755]
[0.54194, 0.755235]
[-0.816644, -0.148086]
--
[-0.431925, 0.790755]
[0.580316, 0.756781]
[-0.778268, -0.146501]
--
[-0.431925, 0.790755]
[0.541894, 0.755233]
[-0.81669, -0.148088]
