--
[-0.748632, -0.298936]
[0.44186, -0.177071]
[-0.693088, -0.0720557]
--
[-0.748632, -0.298936]
[0.427462, -0.177071]
[-0.707486, -0.0720557]
--
[-0.748632, -0.298936]
[0.443694, -0.177073]
[-0.691254, -0.0720576]
--
[-0.748632, -0.298936]
[0.428127, -0.177072]
[-0.706821, -0.0720565]
--
[-0.748632, -0.298936]
[0.424261, -0.177071]
[-0.710687, -0.0720563]
--
[-0.748632, -0.298936]
[0.402832, -0.17707]
[-0.732116, -0.0720551]
--
[-0.748632, -0.298936]
[0.407361, -0.178045]
[-0.727588, -0.0730323]
--
[-0.748632, -0.298936]
[0.44872, -0.177073]
[-0.686228, -0.0720574]
--
[-0.748632, -0.298936]
[0.443003, -0.177066]
[-0.691945, -0.0720507]
--
[-0.748632, -0.298936]
[0.429151, -0.177126]
[-0.705797, -0.0721107]
