--
[-0.798962, -0.598362]
[0.24311, 0.179341]
[-0.727223, -0.677288]
--
[-0.798962, -0.598362]
[0.156517, 0.19676]
[-0.813814, -0.659866]
--
[-0.798962, -0.598362]
[0.236033, 0.179364]
[-0.734301, -0.677265]
--
[-0.798962, -0.598362]
[0.237861, 0.179369]
[-0.732473, -0.67726]
--
[-0.798962, -0.598362]
[0.235716, 0.179326]
[-0.734617, -0.677303]
--
[-0.798962, -0.598362]
[0.156809, 0.196677]
[-0.813522, -0.65995]
--
[-0.798962, -0.598362]
[0.39409, 0.179532]
[-0.576244, -0.677098]
--
[-0.798962, -0.598362]
[0.404918, 0.179562]
[-0.565417, -0.677068]
--
[-0.798962, -0.598362]
[0.23558, 0.179334]
[-0.734753, -0.677295]
--
[-0.798962, -0.598362]
[0.236239, 0.179378]
[-0.734095, -0.677251]
