--
[-0.380795, 0.804811]
[0.170153, 0.516912]
[-0.600866, -0.0717424]
--
[-0.380795, 0.804811]
[0.215894, 0.516949]
[-0.555125, -0.0717045]
--
[-0.380795, 0.804811]
[0.114055, 0.516507]
[-0.656967, -0.0721508]
--
[-0.380795, 0.804811]
[0.0371956, 0.516737]
[-0.733826, -0.0719189]
--
[-0.380795, 0.804811]
[0.180606, 0.516911]
[-0.590414, -0.0717437]
--
[-0.380795, 0.804811]
[0.292608, 0.517158]
[-0.478411, -0.0714945]
--
[-0.380795, 0.804811]
[0.32082, 0.516991]
[-0.450198, -0.0716624]
--
[-0.380795, 0.804811]
[0.217173, 0.516946]
[-0.553846, -0.0717077]
--
[-0.380795, 0.804811]
[0.0305144, 0.516316]
[-0.74051, -0.0723434]
--
[-0.380795, 0.804811]
[0.164982, 0.516914]
[-0.606037, -0.0717397]
