--
[-0.858549, 0.285467]
[0.420816, 0.311523]
[-0.92175, -0.229312]
--
[-0.858549, 0.285467]
[0.41721, 0.306637]
[-0.925356, -0.234198]
--
[-0.858549, 0.285467]
[0.422042, 0.313187]
[-0.920524, -0.227648]
--
[-0.858549, 0.285467]
[0.423496, 0.315154]
[-0.91907, -0.22568]
--
[-0.858549, 0.285467]
[0.421555, 0.312524]
[-0.921011, -0.228311]
--
[-0.858549, 0.285467]
[0.423236, 0.314806]
[-0.919331, -0.226028]
--
[-0.858549, 0.285467]
[0.421298, 0.312178]
[-0.921268, -0.228657]
--
[-0.858549, 0.285467]
[0.418685, 0.308646]
[-0.923881, -0.232188]
--
[-0.858549, 0.285467]
[0.425447, 0.317381]
[-0.917119, -0.223454]
--
[-0.858549, 0.285467]
[0.423341, 0.314951]
[-0.919225, -0.225884]
