--
[-0.630419, 0.152111]
[-0.029747, 0.313061]
[-0.953077, -0.19635]
--
[-0.630419, 0.152111]
[-0.0297444, 0.326833]
[-0.953075, -0.182579]
--
[-0.630419, 0.152111]
[-0.029189, 0.334222]
[-0.952528, -0.175195]
--
[-0.630419, 0.152111]
[-0.0291536, 0.332168]
[-0.952494, -0.17725]
--
[-0.630419, 0.152111]
[-0.029793, 0.321063]
[-0.953124, -0.188349]
--
[-0.630419, 0.152111]
[-0.0297427, 0.322733]
[-0.953073, -0.186679]
--
[-0.630419, 0.152111]
[-0.0296096, 0.325125]
[-0.952941, -0.184287]
--
[-0.630419, 0.152111]
[-0.0297027, 0.314745]
[-0.953035, -0.194667]
--
[-0.630419, 0.152111]
[-0.0296797, 0.32677]
[-0.953011, -0.182642]
--
[-0.630419, 0.152111]
[-0.0295894, 0.314472]
[-0.952922, -0.194941]
