--
[-1.04305, 0.477295]
[0.638585, 0.199567]
[-0.828529, -0.139675]
--
[-1.04305, 0.477295]
[0.640028, 0.201021]
[-0.827086, -0.138221]
--
[-1.04305, 0.477295]
[0.640135, 0.200609]
[-0.826979, -0.138633]
--
[-1.04305, 0.477295]
[0.640294, 0.19999]
[-0.826822, -0.139253]
--
[-1.04305, 0.477295]
[0.639327, 0.199783]
[-0.827788, -0.139459]
--
[-1.04305, 0.477295]
[0.64115, 0.202403]
[-0.825964, -0.136839]
--
[-1.04305, 0.477295]
[0.639503, 0.200154]
[-0.827611, -0.139088]
--
[-1.04305, 0.477295]
[0.640612, 0.200348]
[-0.826504, -0.138895]
--
[-1.04305, 0.477295]
[0.63993, 0.201088]
[-0.827184, -0.138153]
--
[-1.04305, 0.477295]
[0.642192, 0.20305]
[-0.824922, -0.136192]
