--
[-0.551583, 0.190953]
[0.218008, -0.0393166]
[-0.928516, -0.253936]
--
[-0.551583, 0.190953]
[0.218008, -0.0393166]
[-0.928516, -0.253936]
--
[-0.551583, 0.190953]
[0.234913, 0.00221982]
[-0.911294, -0.212396]
--
[-0.551583, 0.190953]
[0.563054, 0.0787424]
[-0.583152, -0.135872]
--
[-0.551583, 0.190953]
[0.409127, 0.0787467]
[-0.737078, -0.135868]
--
[-0.551583, 0.190953]
[0.326233, 0.0727544]
[-0.819974, -0.14186]
--
[-0.551583, 0.190953]
[0.216929, -0.0431189]
[-0.929279, -0.257734]
--
[-0.551583, 0.190953]
[0.682134, 0.0787276]
[-0.464069, -0.135887]
--
[-0.551583, 0.190953]
[0.217522, -0.0410432]
[-0.928685, -0.255659]
--
[-0.551583, 0.190953]
[0.217405, -0.0413894]
[-0.928803, -0.256005]
