--
[-0.574874, 0.805645]
[0.0845299, 0.511981]
[-0.516841, -0.0389986]
--
[-0.574874, 0.805645]
[0.0725655, 0.512098]
[-0.528805, -0.0388815]
--
[-0.574874, 0.805645]
[0.0884779, 0.511981]
[-0.512893, -0.0389987]
--
[-0.574874, 0.805645]
[0.134937, 0.511096]
[-0.466434, -0.0398835]
--
[-0.574874, 0.805645]
[-0.0139128, 0.512156]
[-0.615283, -0.0388222]
--
[-0.574874, 0.805645]
[0.167046, 0.504292]
[-0.434324, -0.0466865]
--
[-0.574874, 0.805645]
[0.103876, 0.511981]
[-0.497495, -0.0389984]
--
[-0.574874, 0.805645]
[0.042295, 0.511981]
[-0.559076, -0.0389992]
--
[-0.574874, 0.805645]
[0.11381, 0.511981]
[-0.487561, -0.0389986]
--
[-0.574874, 0.805645]
[0.107541, 0.511981]
[-0.49383, -0.0389988]
