--
[-0.220801, 0.395653]
[0.621212, -0.318652]
[-0.676461, -0.0322806]
--
[-0.220801, 0.395653]
[0.621064, -0.31861]
[-0.676609, -0.0322384]
--
[-0.220801, 0.395653]
[0.622132, -0.318551]
[-0.675541, -0.0321792]
--
[-0.220801, 0.395653]
[0.621768, -0.318623]
[-0.675905, -0.0322513]
--
[-0.220801, 0.395653]
[0.623441, -0.318567]
[-0.674232, -0.032195]
--
[-0.220801, 0.395653]
[0.621789, -0.318622]
[-0.675884, -0.0322502]
--
[-0.220801, 0.395653]
[0.620039, -0.318708]
[-0.677634, -0.0323366]
--
[-0.220801, 0.395653]
[0.619668, -0.318693]
[-0.678005, -0.0323209]
--
[-0.220801, 0.395653]
[0.619168, -0.31873]
[-0.678505, -0.0323579]
--
[-0.220801, 0.395653]
[0.621777, -0.318577]
[-0.675896, -0.0322055]
