--
[-0.739602, 0.503136]
[0.726491, 0.297119]
[-0.805015, -0.112051]
--
[-0.739602, 0.503136]
[0.732947, 0.303002]
[-0.798559, -0.106168]
--
[-0.739602, 0.503136]
[0.730702, 0.30095]
[-0.800804, -0.10822]
--
[-0.739602, 0.503136]
[0.731034, 0.301257]
[-0.800472, -0.107913]
--
[-0.739602, 0.503136]
[0.731671, 0.301836]
[-0.799835, -0.107333]
--
[-0.739602, 0.503136]
[0.731442, 0.301631]
[-0.800064, -0.107538]
--
[-0.739602, 0.503136]
[0.729716, 0.300056]
[-0.801789, -0.109113]
--
[-0.739602, 0.503136]
[0.729492, 0.299853]
[-0.802014, -0.109317]
--
[-0.739602, 0.503136]
[0.729769, 0.300104]
[-0.801736, -0.109065]
--
[-0.739602, 0.503136]
[0.732514, 0.302604]
[-0.798992, -0.106565]
