--
[-0.665565, -0.0449373]
[0.472441, 0.517489]
[-0.883686, -0.549873]
--
[-0.665565, -0.0449373]
[0.472415, 0.51859]
[-0.883713, -0.548772]
--
[-0.665565, -0.0449373]
[0.47246, 0.52175]
[-0.883667, -0.545612]
--
[-0.665565, -0.0449373]
[0.472409, 0.519916]
[-0.883719, -0.547447]
--
[-0.665565, -0.0449373]
[0.472421, 0.516932]
[-0.883707, -0.55043]
--
[-0.665565, -0.0449373]
[0.472433, 0.515153]
[-0.883695, -0.55221]
--
[-0.665565, -0.0449373]
[0.472435, 0.518023]
[-0.883692, -0.549339]
--
[-0.665565, -0.0449373]
[0.47243, 0.518925]
[-0.883697, -0.548438]
--
[-0.665565, -0.0449373]
[0.472411, 0.518549]
[-0.883717, -0.548813]
--
[-0.665565, -0.0449373]
[0.472419, 0.518776]
[-0.883708, -0.548587]
