--
[-0.578544, 0.261188]
[-0.245453, 0.500128]
[-0.865756, -0.228965]
--
[-0.578544, 0.261188]
[-0.245923, 0.493024]
[-0.866218, -0.236059]
--
[-0.578544, 0.261188]
[-0.243585, 0.509003]
[-0.863893, -0.220097]
--
[-0.578544, 0.261188]
[-0.245844, 0.49129]
[-0.866147, -0.237804]
--
[-0.578544, 0.261188]
[-0.245256, 0.501541]
[-0.865559, -0.227554]
--
[-0.578544, 0.261188]
[-0.244389, 0.503536]
[-0.864697, -0.225565]
--
[-0.578544, 0.261188]
[-0.243214, 0.511524]
[-0.863522, -0.217576]
--
[-0.578544, 0.261188]
[-0.245693, 0.494622]
[-0.865996, -0.234473]
--
[-0.578544, 0.261188]
[-0.245101, 0.503505]
[-0.865404, -0.22559]
--
[-0.578544, 0.261188]
[-0.246033, 0.490741]
[-0.866328, -0.238343]
