--
[-0.935611, -0.592513]
[0.403569, 0.162545]
[-0.916289, -0.468555]
--
[-0.935611, -0.592513]
[0.40336, 0.158757]
[-0.916497, -0.472342]
--
[-0.935611, -0.592513]
[0.402939, 0.148392]
[-0.916915, -0.482705]
--
[-0.935611, -0.592513]
[0.40284, 0.16042]
[-0.917013, -0.470676]
--
[-0.935611, -0.592513]
[0.402963, 0.146012]
[-0.916891, -0.485085]
--
[-0.935611, -0.592513]
[0.403569, 0.153491]
[-0.91629, -0.477609]
--
[-0.935611, -0.592513]
[0.402915, 0.1472]
[-0.916938, -0.483897]
--
[-0.935611, -0.592513]
[0.402959, 0.146742]
[-0.916895, -0.484355]
--
[-0.935611, -0.592513]
[0.402943, 0.153298]
[-0.916911, -0.477799]
--
[-0.935611, -0.592513]
[0.403534, 0.144308]
[-0.916325, -0.486792]
