--
[-0.274137, 0.692662]
[0.519139, -0.291088]
[-0.715209, -0.116482]
--
[-0.274137, 0.692662]
[0.513927, -0.290879]
[-0.720419, -0.116272]
--
[-0.274137, 0.692662]
[0.512531, -0.291689]
[-0.721821, -0.117085]
--
[-0.274137, 0.692662]
[0.51517, -0.290755]
[-0.719176, -0.116148]
--
[-0.274137, 0.692662]
[0.513927, -0.290866]
[-0.720419, -0.11626]
--
[-0.274137, 0.692662]
[0.512383, -0.290893]
[-0.721964, -0.116287]
--
[-0.274137, 0.692662]
[0.517557, -0.290995]
[-0.71679, -0.116389]
--
[-0.274137, 0.692662]
[0.511465, -0.290905]
[-0.722882, -0.116299]
--
[-0.274137, 0.692662]
[0.514471, -0.291716]
[-0.719882, -0.117112]
--
[-0.274137, 0.692662]
[0.515382, -0.290921]
[-0.718965, -0.116315]
