--
[-0.133595, 0.245447]
[0.0629885, 0.537773]
[-0.885537, -0.498127]
--
[-0.133595, 0.245447]
[0.0629894, 0.540662]
[-0.885535, -0.495237]
--
[-0.133595, 0.245447]
[0.0630273, 0.537094]
[-0.885493, -0.498802]
--
[-0.133595, 0.245447]
[0.0629656, 0.52825]
[-0.885557, -0.507646]
--
[-0.133595, 0.245447]
[0.0629691, 0.530468]
[-0.885552, -0.505428]
--
[-0.133595, 0.245447]
[0.0629717, 0.527466]
[-0.885554, -0.508434]
--
[-0.133595, 0.245447]
[0.0630291, 0.543361]
[-0.885493, -0.492535]
--
[-0.133595, 0.245447]
[0.0629655, 0.51955]
[-0.885555, -0.516345]
--
[-0.133595, 0.245447]
[0.0630086, 0.538118]
[-0.885514, -0.497779]
--
[-0.133595, 0.245447]
[0.0629423, 0.516894]
[-0.885581, -0.519004]
