--
[-0.142974, 0.376312]
[0.437305, 0.367198]
[-0.80547, -0.103402]
--
[-0.142974, 0.376312]
[0.439639, 0.367629]
[-0.803135, -0.10297]
--
[-0.142974, 0.376312]
[0.439027, 0.366878]
[-0.803753, -0.103726]
--
[-0.142974, 0.376312]
[0.4384, 0.367464]
[-0.804378, -0.103138]
--
[-0.142974, 0.376312]
[0.437672, 0.367305]
[-0.805103, -0.103295]
--
[-0.142974, 0.376312]
[0.43448, 0.366739]
[-0.808296, -0.103861]
--
[-0.142974, 0.376312]
[0.434379, 0.36704]
[-0.808399, -0.103561]
--
[-0.142974, 0.376312]
[0.440827, 0.36697]
[-0.801952, -0.103634]
--
[-0.142974, 0.376312]
[0.436869, 0.366716]
[-0.805911, -0.103887]
--
[-0.142974, 0.376312]
[0.437777, 0.367539]
[-0.805001, -0.103062]
