--
[-0.754365, 0.328596]
[0.560417, 0.0476092]
[-0.812142, -0.144195]
--
[-0.754365, 0.328596]
[0.561724, 0.0487828]
[-0.810835, -0.143021]
--
[-0.754365, 0.328596]
[0.557591, 0.0450288]
[-0.814968, -0.146775]
--
[-0.754365, 0.328596]
[0.557397, 0.044786]
[-0.815162, -0.147018]
--
[-0.754365, 0.328596]
[0.55965, 0.0468802]
[-0.812909, -0.144924]
--
[-0.754365, 0.328596]
[0.560547, 0.0476901]
[-0.812012, -0.144114]
--
[-0.754365, 0.328596]
[0.559869, 0.0470957]
[-0.81269, -0.144708]
--
[-0.754365, 0.328596]
[0.558527, 0.0458453]
[-0.814032, -0.145959]
--
[-0.754365, 0.328596]
[0.559208, 0.0464762]
[-0.813351, -0.145328]
--
[-0.754365, 0.328596]
[0.558854, 0.0461308]
[-0.813705, -0.145673]
