--
[-0.234148, 0.469845]
[0.372965, 0.275527]
[-0.789801, -0.620784]
--
[-0.234148, 0.469845]
[0.372965, 0.275527]
[-0.789801, -0.620784]
--
[-0.234148, 0.469845]
[0.459451, 0.226442]
[-0.703319, -0.669875]
--
[-0.234148, 0.469845]
[0.335033, 0.363302]
[-0.827722, -0.533002]
--
[-0.234148, 0.469845]
[0.454008, 0.764659]
[-0.708763, -0.131655]
--
[-0.234148, 0.469845]
[0.334324, 0.376976]
[-0.828446, -0.519339]
--
[-0.234148, 0.469845]
[0.455966, 0.226843]
[-0.706802, -0.669469]
--
[-0.234148, 0.469845]
[0.736151, 0.732284]
[-0.426619, -0.16403]
--
[-0.234148, 0.469845]
[0.333935, 0.407165]
[-0.828831, -0.489148]
--
[-0.234148, 0.469845]
[0.334487, 0.474083]
[-0.828285, -0.422234]
