--
[-0.724123, 0.577938]
[-0.11579, 0.307988]
[-0.803873, -0.127845]
--
[-0.724123, 0.577938]
[-0.118329, 0.30759]
[-0.806412, -0.128242]
--
[-0.724123, 0.577938]
[-0.122163, 0.307021]
[-0.810246, -0.128812]
--
[-0.724123, 0.577938]
[-0.119919, 0.30734]
[-0.808002, -0.128493]
--
[-0.724123, 0.577938]
[-0.114864, 0.308141]
[-0.802947, -0.127692]
--
[-0.724123, 0.577938]
[-0.117798, 0.307683]
[-0.805881, -0.12815]
--
[-0.724123, 0.577938]
[-0.120311, 0.30729]
[-0.808394, -0.128543]
--
[-0.724123, 0.577938]
[-0.119729, 0.307389]
[-0.807812, -0.128444]
--
[-0.724123, 0.577938]
[-0.115068, 0.308085]
[-0.803151, -0.127747]
--
[-0.724123, 0.577938]
[-0.113928, 0.308267]
[-0.80201, -0.127566]
