--
[-0.528868, -0.0934466]
[0.449709, -0.214125]
[-0.683632, -0.0824277]
--
[-0.528868, -0.0934466]
[0.455299, -0.213825]
[-0.678042, -0.0821272]
--
[-0.528868, -0.0934466]
[0.482579, -0.213857]
[-0.650761, -0.0821592]
--
[-0.528868, -0.0934466]
[0.450531, -0.21408]
[-0.68281, -0.0823827]
--
[-0.528868, -0.0934466]
[0.450736, -0.214069]
[-0.682604, -0.0823713]
--
[-0.528868, -0.0934466]
[0.455647, -0.213806]
[-0.677693, -0.0821084]
--
[-0.528868, -0.0934466]
[0.455576, -0.21381]
[-0.677764, -0.0821121]
--
[-0.528868, -0.0934466]
[0.492666, -0.213856]
[-0.640675, -0.0821589]
--
[-0.528868, -0.0934466]
[0.447455, -0.214241]
[-0.685886, -0.0825437]
--
[-0.528868, -0.0934466]
[0.449357, -0.214115]
[-0.683983, -0.0824168]
