--
[-1.03438, -0.173716]
[0.460545, -0.0753974]
[-0.871191, -0.182599]
--
[-1.03438, -0.173716]
[0.461078, -0.0728474]
[-0.870658, -0.180049]
--
[-1.03438, -0.173716]
[0.46421, -0.0621226]
[-0.867527, -0.169324]
--
[-1.03438, -0.173716]
[0.464775, -0.0601756]
[-0.866961, -0.167377]
--
[-1.03438, -0.173716]
[0.463853, -0.0629788]
[-0.867883, -0.17018]
--
[-1.03438, -0.173716]
[0.463924, -0.0628131]
[-0.867812, -0.170015]
--
[-1.03438, -0.173716]
[0.464474, -0.0612518]
[-0.867262, -0.168453]
--
[-1.03438, -0.173716]
[0.461227, -0.0727577]
[-0.870509, -0.179959]
--
[-1.03438, -0.173716]
[0.464244, -0.0619305]
[-0.867493, -0.169132]
--
[-1.03438, -0.173716]
[0.464157, -0.0621714]
[-0.867579, -0.169373]
