--
[-0.341349, 0.372419]
[0.46998, 0.449397]
[-0.880944, -0.176515]
--
[-0.341349, 0.372419]
[0.466085, 0.447062]
[-0.884839, -0.17885]
--
[-0.341349, 0.372419]
[0.465793, 0.446886]
[-0.885131, -0.179027]
--
[-0.341349, 0.372419]
[0.467005, 0.447618]
[-0.883918, -0.178294]
--
[-0.341349, 0.372419]
[0.465024, 0.446449]
[-0.8859, -0.179464]
--
[-0.341349, 0.372419]
[0.464474, 0.446084]
[-0.88645, -0.179828]
--
[-0.341349, 0.372419]
[0.459526, 0.44309]
[-0.891397, -0.182823]
--
[-0.341349, 0.372419]
[0.4645, 0.446102]
[-0.886424, -0.17981]
--
[-0.341349, 0.372419]
[0.464265, 0.445961]
[-0.886659, -0.179952]
--
[-0.341349, 0.372419]
[0.467227, 0.447753]
[-0.883697, -0.178159]
