--
[-0.88466, -0.168574]
[-0.185814, 0.376465]
[-0.887347, -0.545784]
--
[-0.88466, -0.168574]
[-0.185619, 0.372738]
[-0.887152, -0.549511]
--
[-0.88466, -0.168574]
[-0.185576, 0.371942]
[-0.887108, -0.550307]
--
[-0.88466, -0.168574]
[-0.185809, 0.376065]
[-0.887342, -0.546184]
--
[-0.88466, -0.168574]
[-0.185373, 0.369012]
[-0.886906, -0.553237]
--
[-0.88466, -0.168574]
[-0.185769, 0.375272]
[-0.887302, -0.546976]
--
[-0.88466, -0.168574]
[-0.185672, 0.373803]
[-0.887205, -0.548446]
--
[-0.88466, -0.168574]
[-0.185522, 0.370775]
[-0.887054, -0.551474]
--
[-0.88466, -0.168574]
[-0.185563, 0.371335]
[-0.887095, -0.550914]
--
[-0.88466, -0.168574]
[-0.185638, 0.373132]
[-0.88717, -0.549117]
