--
[-0.605225, 0.388352]
[0.501127, 0.235304]
[-0.794956, -0.198252]
--
[-0.605225, 0.388352]
[0.50423, 0.237399]
[-0.791854, -0.196157]
--
[-0.605225, 0.388352]
[0.503597, 0.237018]
[-0.792487, -0.196538]
--
[-0.605225, 0.388352]
[0.505672, 0.238301]
[-0.790412, -0.195255]
--
[-0.605225, 0.388352]
[0.504709, 0.237687]
[-0.791374, -0.195869]
--
[-0.605225, 0.388352]
[0.506254, 0.238658]
[-0.78983, -0.194897]
--
[-0.605225, 0.388352]
[0.502905, 0.236581]
[-0.793179, -0.196975]
--
[-0.605225, 0.388352]
[0.504856, 0.237813]
[-0.791228, -0.195742]
--
[-0.605225, 0.388352]
[0.50565, 0.238253]
[-0.790434, -0.195302]
--
[-0.605225, 0.388352]
[0.503089, 0.236708]
[-0.792994, -0.196847]
