--
[-0.448966, 0.581485]
[0.45289, 0.463865]
[-0.795384, -0.0657506]
--
[-0.448966, 0.581485]
[0.4576, 0.465749]
[-0.790675, -0.0638671]
--
[-0.448966, 0.581485]
[0.452945, 0.463888]
[-0.79533, -0.0657274]
--
[-0.448966, 0.581485]
[0.456968, 0.465481]
[-0.791307, -0.0641353]
--
[-0.448966, 0.581485]
[0.456793, 0.465394]
[-0.791483, -0.0642219]
--
[-0.448966, 0.581485]
[0.458143, 0.465949]
[-0.790133, -0.0636674]
--
[-0.448966, 0.581485]
[0.458567, 0.466186]
[-0.789708, -0.0634292]
--
[-0.448966, 0.581485]
[0.455302, 0.464859]
[-0.792973, -0.0647567]
--
[-0.448966, 0.581485]
[0.457042, 0.46492]
[-0.791236, -0.0646974]
--
[-0.448966, 0.581485]
[0.456338, 0.465257]
[-0.791937, -0.0643588]
