--
[-0.412875, 0.285462]
[0.375031, 0.382763]
[-0.79876, -0.174158]
--
[-0.412875, 0.285462]
[0.377978, 0.385442]
[-0.795814, -0.171479]
--
[-0.412875, 0.285462]
[0.374738, 0.382504]
[-0.799054, -0.174417]
--
[-0.412875, 0.285462]
[0.379139, 0.386526]
[-0.794653, -0.170395]
--
[-0.412875, 0.285462]
[0.37741, 0.384886]
[-0.796381, -0.172036]
--
[-0.412875, 0.285462]
[0.375241, 0.382958]
[-0.798551, -0.173963]
--
[-0.412875, 0.285462]
[0.374902, 0.382658]
[-0.798889, -0.174263]
--
[-0.412875, 0.285462]
[0.375823, 0.383456]
[-0.797969, -0.173466]
--
[-0.412875, 0.285462]
[0.374604, 0.382367]
[-0.799187, -0.174555]
--
[-0.412875, 0.285462]
[0.377207, 0.384734]
[-0.796585, -0.172188]
