--
[-0.923484, -0.797844]
[0.475945, 0.0234867]
[-0.931059, -0.665375]
--
[-0.923484, -0.797844]
[0.485365, 0.00909991]
[-0.92164, -0.679762]
--
[-0.923484, -0.797844]
[0.543756, -0.0411699]
[-0.86325, -0.730033]
--
[-0.923484, -0.797844]
[0.47661, 0.0225692]
[-0.930394, -0.666292]
--
[-0.923484, -0.797844]
[0.457334, 0.104037]
[-0.949671, -0.584824]
--
[-0.923484, -0.797844]
[0.457632, 0.115517]
[-0.949375, -0.573346]
--
[-0.923484, -0.797844]
[0.457632, 0.113999]
[-0.949374, -0.574863]
--
[-0.923484, -0.797844]
[0.4496, 0.114083]
[-0.957447, -0.57478]
--
[-0.923484, -0.797844]
[0.474621, 0.0260144]
[-0.932382, -0.662847]
--
[-0.923484, -0.797844]
[0.457331, 0.103077]
[-0.949674, -0.585784]
