--
[-1.09377, 0.681945]
[0.387972, 0.140468]
[-0.815015, -0.0796538]
--
[-1.09377, 0.681945]
[0.384438, 0.137856]
[-0.818549, -0.0822664]
--
[-1.09377, 0.681945]
[0.38612, 0.14017]
[-0.816864, -0.0799503]
--
[-1.09377, 0.681945]
[0.386757, 0.140651]
[-0.816228, -0.0794687]
--
[-1.09377, 0.681945]
[0.387566, 0.14127]
[-0.815419, -0.0788503]
--
[-1.09377, 0.681945]
[0.38429, 0.138653]
[-0.818694, -0.081467]
--
[-1.09377, 0.681945]
[0.385842, 0.139924]
[-0.817142, -0.0801964]
--
[-1.09377, 0.681945]
[0.383709, 0.138185]
[-0.819275, -0.0819356]
--
[-1.09377, 0.681945]
[0.385815, 0.139836]
[-0.81717, -0.080284]
--
[-1.09377, 0.681945]
[0.385158, 0.138419]
[-0.817829, -0.0817026]
