--
[-0.853043, 0.436525]
[0.0200333, 0.465206]
[-0.585121, -0.0794991]
--
[-0.853043, 0.436525]
[0.0200333, 0.465206]
[-0.585121, -0.0794991]
--
[-0.853043, 0.436525]
[-0.355387, 0.163189]
[-0.960546, -0.381524]
--
[-0.853043, 0.436525]
[-0.347489, -0.0688226]
[-0.952649, -0.613536]
--
[-0.853043, 0.436525]
[-0.151293, 0.465208]
[-0.756447, -0.0795019]
--
[-0.853043, 0.436525]
[-0.104497, 0.464491]
[-0.709656, -0.0802229]
--
[-0.853043, 0.436525]
[-0.355653, 0.0815044]
[-0.96081, -0.4632]
--
[-0.853043, 0.436525]
[0.246538, 0.460394]
[-0.358621, -0.0843182]
--
[-0.853043, 0.436525]
[-0.355832, 0.242497]
[-0.960985, -0.302216]
--
[-0.853043, 0.436525]
[-0.355564, 0.292832]
[-0.960721, -0.251878]
