--
[-0.648701, -0.480571]
[0.702067, 0.540095]
[-0.849372, -0.586709]
--
[-0.648701, -0.480571]
[0.702855, 0.535891]
[-0.848578, -0.590908]
--
[-0.648701, -0.480571]
[0.703266, 0.535379]
[-0.848168, -0.591421]
--
[-0.648701, -0.480571]
[0.70103, 0.542984]
[-0.85041, -0.58382]
--
[-0.648701, -0.480571]
[0.7036, 0.53435]
[-0.847833, -0.592449]
--
[-0.648701, -0.480571]
[0.70498, 0.531366]
[-0.846454, -0.595434]
--
[-0.648701, -0.480571]
[0.704074, 0.53352]
[-0.84736, -0.593279]
--
[-0.648701, -0.480571]
[0.704008, 0.533567]
[-0.847426, -0.593232]
--
[-0.648701, -0.480571]
[0.703333, 0.535097]
[-0.848101, -0.591702]
--
[-0.648701, -0.480571]
[0.703456, 0.534736]
[-0.847978, -0.592063]
