--
[-0.664674, 0.492743]
[0.35751, 0.158835]
[-0.810398, -0.0864778]
--
[-0.664674, 0.492743]
[0.358043, 0.15909]
[-0.809865, -0.0862228]
--
[-0.664674, 0.492743]
[0.353095, 0.156722]
[-0.814814, -0.0885911]
--
[-0.664674, 0.492743]
[0.36028, 0.16016]
[-0.807628, -0.0851527]
--
[-0.664674, 0.492743]
[0.359719, 0.159892]
[-0.80819, -0.0854208]
--
[-0.664674, 0.492743]
[0.358076, 0.159108]
[-0.809833, -0.0862046]
--
[-0.664674, 0.492743]
[0.363245, 0.161503]
[-0.804664, -0.0838102]
--
[-0.664674, 0.492743]
[0.360999, 0.160505]
[-0.806909, -0.0848078]
--
[-0.664674, 0.492743]
[0.357211, 0.158694]
[-0.810698, -0.086619]
--
[-0.664674, 0.492743]
[0.36066, 0.160341]
[-0.807248, -0.0849716]
