--
[-0.594826, -0.365841]
[-0.140488, 0.162675]
[-0.796896, -0.681318]
--
[-0.594826, -0.365841]
[-0.144684, 0.166606]
[-0.801093, -0.677389]
--
[-0.594826, -0.365841]
[-0.147373, 0.169285]
[-0.803781, -0.674707]
--
[-0.594826, -0.365841]
[-0.144463, 0.166111]
[-0.800869, -0.677879]
--
[-0.594826, -0.365841]
[-0.149121, 0.171313]
[-0.805529, -0.67268]
--
[-0.594826, -0.365841]
[-0.14746, 0.169441]
[-0.803868, -0.674551]
--
[-0.594826, -0.365841]
[-0.145639, 0.167213]
[-0.802046, -0.676778]
--
[-0.594826, -0.365841]
[-0.151157, 0.173533]
[-0.807565, -0.670459]
--
[-0.594826, -0.365841]
[-0.147099, 0.169111]
[-0.803508, -0.674883]
--
[-0.594826, -0.365841]
[-0.150534, 0.172735]
[-0.80694, -0.671256]
