--
[-0.642544, 0.336612]
[0.592098, 0.3418]
[-0.881662, -0.168326]
--
[-0.642544, 0.336612]
[0.593844, 0.343827]
[-0.879919, -0.166301]
--
[-0.642544, 0.336612]
[0.595759, 0.344482]
[-0.878007, -0.165648]
--
[-0.642544, 0.336612]
[0.595613, 0.345177]
[-0.87815, -0.164951]
--
[-0.642544, 0.336612]
[0.590845, 0.340131]
[-0.882919, -0.169997]
--
[-0.642544, 0.336612]
[0.596369, 0.345158]
[-0.877397, -0.164972]
--
[-0.642544, 0.336612]
[0.594764, 0.344176]
[-0.878999, -0.165952]
--
[-0.642544, 0.336612]
[0.59352, 0.342581]
[-0.880244, -0.167547]
--
[-0.642544, 0.336612]
[0.5928, 0.341217]
[-0.880965, -0.168912]
--
[-0.642544, 0.336612]
[0.593214, 0.341675]
[-0.880552, -0.168455]
