--
[-0.514103, -0.715454]
[0.147845, 0.0320033]
[-0.851993, -0.392111]
--
[-0.514103, -0.715454]
[0.147803, 0.0296241]
[-0.852035, -0.39449]
--
[-0.514103, -0.715454]
[0.147822, 0.031733]
[-0.852015, -0.392381]
--
[-0.514103, -0.715454]
[0.147823, 0.0431847]
[-0.852015, -0.38093]
--
[-0.514103, -0.715454]
[0.147809, 0.0362033]
[-0.852028, -0.387911]
--
[-0.514103, -0.715454]
[0.147767, 0.0284331]
[-0.85207, -0.395681]
--
[-0.514103, -0.715454]
[0.147793, 0.0349015]
[-0.852044, -0.389213]
--
[-0.514103, -0.715454]
[0.147802, 0.0320335]
[-0.852036, -0.392081]
--
[-0.514103, -0.715454]
[0.147822, 0.0334344]
[-0.852016, -0.39068]
--
[-0.514103, -0.715454]
[0.147813, 0.0287023]
[-0.852024, -0.395412]
