--
[-0.76501, 0.377255]
[0.659011, 0.26997]
[-0.855629, -0.0917782]
--
[-0.76501, 0.377255]
[0.659815, 0.271109]
[-0.854826, -0.0906392]
--
[-0.76501, 0.377255]
[0.659668, 0.270861]
[-0.854973, -0.0908869]
--
[-0.76501, 0.377255]
[0.65954, 0.270744]
[-0.8551, -0.0910042]
--
[-0.76501, 0.377255]
[0.658542, 0.269335]
[-0.856098, -0.092413]
--
[-0.76501, 0.377255]
[0.659204, 0.270271]
[-0.855437, -0.0914768]
--
[-0.76501, 0.377255]
[0.66049, 0.271949]
[-0.854151, -0.0897986]
--
[-0.76501, 0.377255]
[0.659367, 0.270445]
[-0.855274, -0.0913025]
--
[-0.76501, 0.377255]
[0.660186, 0.271545]
[-0.854455, -0.0902029]
--
[-0.76501, 0.377255]
[0.65748, 0.267896]
[-0.85716, -0.093852]
