--
[-0.816148, 0.405278]
[0.649244, 0.618131]
[-0.940442, -0.219501]
--
[-0.816148, 0.405278]
[0.652614, 0.623813]
[-0.937072, -0.21382]
--
[-0.816148, 0.405278]
[0.653096, 0.624604]
[-0.936591, -0.213029]
--
[-0.816148, 0.405278]
[0.654506, 0.626497]
[-0.935181, -0.211136]
--
[-0.816148, 0.405278]
[0.651292, 0.621585]
[-0.938394, -0.216048]
--
[-0.816148, 0.405278]
[0.64765, 0.615446]
[-0.942037, -0.222187]
--
[-0.816148, 0.405278]
[0.655252, 0.627539]
[-0.934434, -0.210094]
--
[-0.816148, 0.405278]
[0.652864, 0.624365]
[-0.936821, -0.213267]
--
[-0.816148, 0.405278]
[0.654444, 0.626402]
[-0.935243, -0.211231]
--
[-0.816148, 0.405278]
[0.653089, 0.624525]
[-0.936597, -0.213108]
