--
[-0.664873, -0.425726]
[0.25927, 0.00218599]
[-0.854739, -0.197001]
--
[-0.664873, -0.425726]
[0.258761, 0.000652363]
[-0.855247, -0.198535]
--
[-0.664873, -0.425726]
[0.259415, 0.00347895]
[-0.854592, -0.195708]
--
[-0.664873, -0.425726]
[0.259917, 0.00478229]
[-0.854091, -0.194405]
--
[-0.664873, -0.425726]
[0.258591, 0.00156641]
[-0.855413, -0.197619]
--
[-0.664873, -0.425726]
[0.258537, 0.000417388]
[-0.855469, -0.198769]
--
[-0.664873, -0.425726]
[0.25919, 0.00274192]
[-0.854816, -0.196445]
--
[-0.664873, -0.425726]
[0.259154, 0.00173626]
[-0.854855, -0.197451]
--
[-0.664873, -0.425726]
[0.258018, -0.00203479]
[-0.855989, -0.201222]
--
[-0.664873, -0.425726]
[0.259561, 0.00336877]
[-0.854448, -0.195819]
