--
[-0.630868, -0.513763]
[0.643012, -0.0701794]
[-0.92032, -0.26284]
--
[-0.630868, -0.513763]
[0.635251, -0.0680954]
[-0.928118, -0.260743]
--
[-0.630868, -0.513763]
[0.634575, -0.0699439]
[-0.928794, -0.262591]
--
[-0.630868, -0.513763]
[0.642527, -0.0712167]
[-0.920803, -0.263877]
--
[-0.630868, -0.513763]
[0.64328, -0.0694311]
[-0.920051, -0.262092]
--
[-0.630868, -0.513763]
[0.642496, -0.0711014]
[-0.920833, -0.263762]
--
[-0.630868, -0.513763]
[0.642773, -0.0702364]
[-0.920556, -0.262897]
--
[-0.630868, -0.513763]
[0.642537, -0.0713029]
[-0.920794, -0.263963]
--
[-0.630868, -0.513763]
[0.633834, -0.072032]
[-0.929535, -0.264679]
--
[-0.630868, -0.513763]
[0.64279, -0.0707772]
[-0.920542, -0.263438]
