--
[-0.09965, 0.482583]
[0.552353, 0.384597]
[-0.6848, -0.0591103]
--
[-0.09965, 0.482583]
[0.54817, 0.384458]
[-0.688983, -0.0592489]
--
[-0.09965, 0.482583]
[0.554765, 0.385583]
[-0.682384, -0.0581217]
--
[-0.09965, 0.482583]
[0.547906, 0.384667]
[-0.689246, -0.059039]
--
[-0.09965, 0.482583]
[0.556421, 0.385772]
[-0.680726, -0.0579315]
--
[-0.09965, 0.482583]
[0.557551, 0.385798]
[-0.679598, -0.0579072]
--
[-0.09965, 0.482583]
[0.548745, 0.385459]
[-0.688404, -0.0582452]
--
[-0.09965, 0.482583]
[0.552679, 0.385266]
[-0.68447, -0.0584377]
--
[-0.09965, 0.482583]
[0.556674, 0.384862]
[-0.680478, -0.058845]
--
[-0.09965, 0.482583]
[0.554827, 0.384694]
[-0.682325, -0.0590132]
