--
[-0.710448, -0.0293964]
[0.276326, 0.440963]
[-0.973136, -0.597986]
--
[-0.710448, -0.0293964]
[0.276326, 0.440963]
[-0.973136, -0.597986]
--
[-0.710448, -0.0293964]
[0.540172, 0.29226]
[-0.709287, -0.746687]
--
[-0.710448, -0.0293964]
[0.499324, 0.292301]
[-0.750134, -0.746646]
--
[-0.710448, -0.0293964]
[0.275578, 0.800118]
[-0.973881, -0.238826]
--
[-0.710448, -0.0293964]
[0.407142, 0.294647]
[-0.842317, -0.744298]
--
[-0.710448, -0.0293964]
[0.275628, 0.466546]
[-0.97383, -0.572397]
--
[-0.710448, -0.0293964]
[0.275736, 0.800114]
[-0.973723, -0.23883]
--
[-0.710448, -0.0293964]
[0.275807, 0.487004]
[-0.97364, -0.551941]
--
[-0.710448, -0.0293964]
[0.276015, 0.530237]
[-0.973445, -0.50871]
