--
[-0.430679, 0.0668722]
[0.457393, -0.128564]
[-0.897595, -0.308506]
--
[-0.430679, 0.0668722]
[0.457393, -0.128564]
[-0.897595, -0.308506]
--
[-0.430679, 0.0668722]
[0.457387, -0.264721]
[-0.897618, -0.444671]
--
[-0.430679, 0.0668722]
[0.747617, 0.129264]
[-0.607393, -0.0506858]
--
[-0.430679, 0.0668722]
[0.582049, 0.125746]
[-0.772964, -0.0542048]
--
[-0.430679, 0.0668722]
[0.462002, 0.0127147]
[-0.892995, -0.167225]
--
[-0.430679, 0.0668722]
[0.457475, -0.133846]
[-0.897539, -0.313797]
--
[-0.430679, 0.0668722]
[0.898773, 0.129145]
[-0.456234, -0.0508045]
--
[-0.430679, 0.0668722]
[0.457318, -0.0205631]
[-0.897689, -0.200516]
--
[-0.430679, 0.0668722]
[0.458925, -0.00471579]
[-0.896085, -0.184666]
