--
[-1.00458, -0.177381]
[0.649072, -0.139325]
[-0.819724, -0.201002]
--
[-1.00458, -0.177381]
[0.649072, -0.139325]
[-0.819724, -0.201002]
--
[-1.00458, -0.177381]
[0.641215, -0.383868]
[-0.827585, -0.445546]
--
[-1.00458, -0.177381]
[0.776528, -0.035462]
[-0.692273, -0.0971401]
--
[-1.00458, -0.177381]
[0.756963, -0.0392532]
[-0.711839, -0.100931]
--
[-1.00458, -0.177381]
[0.651536, -0.132914]
[-0.817264, -0.194592]
--
[-1.00458, -0.177381]
[0.640772, -0.251839]
[-0.828029, -0.313516]
--
[-1.00458, -0.177381]
[0.890262, -0.0336241]
[-0.578537, -0.095301]
--
[-1.00458, -0.177381]
[0.646746, -0.149388]
[-0.822055, -0.211066]
--
[-1.00458, -0.177381]
[0.663018, -0.109348]
[-0.805782, -0.171026]
