--
[-1.08777, -0.573233]
[0.140648, 0.0535367]
[-0.881703, -0.57053]
--
[-1.08777, -0.573233]
[0.140648, 0.0535367]
[-0.881703, -0.57053]
--
[-1.08777, -0.573233]
[0.409303, -0.123798]
[-0.613047, -0.747866]
--
[-1.08777, -0.573233]
[0.146133, -0.00879946]
[-0.876218, -0.632866]
--
[-1.08777, -0.573233]
[0.148777, 0.465851]
[-0.873574, -0.158216]
--
[-1.08777, -0.573233]
[0.394813, -0.123484]
[-0.627537, -0.747551]
--
[-1.08777, -0.573233]
[0.140105, 0.211364]
[-0.882244, -0.412697]
--
[-1.08777, -0.573233]
[0.65821, 0.527946]
[-0.364139, -0.0961183]
--
[-1.08777, -0.573233]
[0.140126, 0.157414]
[-0.882221, -0.466652]
--
[-1.08777, -0.573233]
[0.140401, 0.207923]
[-0.881949, -0.416141]
