--
[-0.699093, -0.0019132]
[0.0138506, 0.481944]
[-0.599471, -0.672499]
--
[-0.699093, -0.0019132]
[0.0138506, 0.481944]
[-0.599471, -0.672499]
--
[-0.699093, -0.0019132]
[0.126446, 0.48778]
[-0.486876, -0.666662]
--
[-0.699093, -0.0019132]
[0.172086, 0.50904]
[-0.441236, -0.645403]
--
[-0.699093, -0.0019132]
[-0.213261, 0.800391]
[-0.826581, -0.354044]
--
[-0.699093, -0.0019132]
[0.157438, 0.499772]
[-0.455883, -0.65467]
--
[-0.699093, -0.0019132]
[-0.186599, 0.549219]
[-0.79992, -0.605205]
--
[-0.699093, -0.0019132]
[0.166928, 0.505462]
[-0.446395, -0.648981]
--
[-0.699093, -0.0019132]
[-0.212844, 0.635844]
[-0.826166, -0.518598]
--
[-0.699093, -0.0019132]
[-0.21291, 0.67549]
[-0.826233, -0.478952]
