--
[0, -0.5000000000000004, 0, -2, 0, 2, 0, 0, -0.5000000000000004, 0, -2, 0, 2, 0]
[0.3191453019980907, 0.7450491003241875, 0.3456516948449379, -1.910772082522623, 0.3433121955427945, 2.99627426472667, 0.04101768831404973, 0.00264202429205757, -0.4983328396459258, 0.008277799332020712, -1.987147253816393, -0.01641282180580938, 2.009311876863678, 0.00916427292082273]
[0.6586189681362636, -0.9334484456654494, -1.680576768360921, -2.012929755860671, 0.510687089989794, 1.679031440500017, -0.09800199479996295, -0.3580183603929202, -0.05776007748243423, 0.8995679490007693, -1.898635113509084, 0.931168432369741, 1.873176757181947, 0.09940850504298074]
[-0.01112378168504122, -0.508167940931161, -0.01930617462635642, -1.999730492571115, 0.001837177692098841, 1.995192424878133, 0.01187423703924283, 0.3696797629187393, 0.6051655445960037, -0.08041993960486088, -1.960693683794678, -0.5081151126401633, 2.033115918290728, -0.01435146992748909]
--
[0, -0.5000000000000004, 0, -2, 0, 2, 0, 0, -0.5000000000000004, 0, -2, 0, 2, 0]
[0.3191453019980907, 0.7450491003241875, 0.3456516948449379, -1.910772082522623, 0.3433121955427945, 2.99627426472667, 0.04101768831404973, 0.00264202429205757, -0.4983328396459258, 0.008277799332020712, -1.987147253816393, -0.01641282180580938, 2.009311876863678, 0.00916427292082273]
[0.6586189681362636, -0.9334484456654494, -1.680576768360921, -2.012929755860671, 0.510687089989794, 1.679031440500017, -0.09800199479996295, -0.3580183603929202, -0.05776007748243423, 0.8995679490007693, -1.898635113509084, 0.931168432369741, 1.873176757181947, 0.09940850504298074]
[-0.01112378168504122, -0.508167940931161, -0.01930617462635642, -1.999730492571115, 0.001837177692098841, 1.995192424878133, 0.01187423703924283, 0.3696797629187393, 0.6051655445960037, -0.08041993960486088, -1.960693683794678, -0.5081151126401633, 2.033115918290728, -0.01435146992748909]
