--
[0, -0.5000000000000004, 0, -2, 0, 2, 0, 0, -0.5000000000000004, 0, -2, 0, 2, 0]
[-0.1782358525256301, 0.5801058046221931, 0.6640576486147536, -2.315477518903792, 0.3888243393932165, 3.000212004120242, 0.09144891709024369, 0.000806553491058399, -0.4696471587573716, 0.005070741720297203, -2.015645173818149, -0.0107167919578726, 2.022094664717381, 0.01262137650239271]
[0.789699932653161, -1.262799632416132, -1.724103722858346, -1.966196238169014, 0.3615321390523806, 1.885985258406159, 0.06667050295264108, -0.4216752078236828, -0.1180058229450918, 0.9703728429175209, -2.130910401479178, 0.813001846106329, 2.066676452372518, 0.02777187307818217]
[-0.04038652026772999, -0.4959755160432006, 0.009090280019167438, -1.961855171298261, 0.01543470341452219, 1.981601702291924, -0.0299602317314707, 0.5158262296266838, 0.7618856777782419, -0.2694114683323415, -1.787054843279147, -0.5269453416565734, 1.890146608446541, -0.1003786647903412]
--
[0, -0.5000000000000004, 0, -2, 0, 2, 0, 0, -0.5000000000000004, 0, -2, 0, 2, 0]
[-0.3028885887022172, 0.5884149408132774, 0.7796530613804398, -2.388634840573773, 0.4020082500543974, 3.000279813453369, 0.1000751304657172, 0.004395322542357307, -0.4932093881961619, 0.0001397868204695493, -2.025255055283946, 0.008725758670159478, 2.001770792338778, -0.009334716810677249]
[0.7877192123978553, -1.264743257112753, -1.69396992511663, -1.941338605831726, 0.3587341335933128, 1.852312511358463, -0.01529390354793815, -0.4564430622592951, -0.2089987323858243, 0.9499525603227603, -2.110596712273122, 0.7664005035121252, 2.04355066117235, 0.1049625841210926]
[-0.01609945874297554, -0.486590374852014, 0.008419162442422154, -1.975348676261227, 0.001553115375410707, 1.983618528737403, -0.007075875076455171, 0.4957247648720793, 0.76876330585907, -0.2727301314184984, -1.748673592579859, -0.4514366404147347, 1.8698622777457, -0.100040428696929]
