--
[0, -0.5000000000000004, 0, -2, 0, 2, 0, 0, -0.5000000000000004, 0, -2, 0, 2, 0]
[0.1649158195851211, 0.7629852736951078, 0.5847488593280573, -2.032319582522221, 0.0328442629716961, 2.999995809520942, 0.02655526816197623, -0.01252314999293461, -0.5113370195213216, -0.009123048760345514, -1.981824230316373, 0.01445900597281825, 1.985258890706318, 0.007784979117526504]
[0.8302467995656145, -1.26279887214318, -1.621083864550521, -1.889536313624972, 0.3245481320827987, 2.092275112628208, -0.09999817778380901, -0.6072796595046889, -0.08347589897823131, 0.9053354344266026, -2.108795372790354, 0.9198205120745189, 1.82587615185493, 0.09999785177597653]
[0.01497901026287279, -0.5091942569143471, 0.002118046861283563, -1.985926307798901, -0.006219385646696895, 2.005441801765377, 0.01137324364346902, 0.4137205645770534, 0.7123428962366105, -0.1476420769059183, -1.855573953542495, -0.6525152532768796, 1.891257848879328, -0.002702212963421192]
--
[0, -0.5000000000000004, 0, -2, 0, 2, 0, 0, -0.5000000000000004, 0, -2, 0, 2, 0]
[0.224115842096634, 0.7622881953796221, 0.5308897322389567, -1.985455946423337, 0.1887440554373493, 2.996430189673053, -0.05223048060444258, -0.01599870979353677, -0.4943775796157604, -0.005160620939220279, -1.965549436266949, -0.01164690150753426, 1.999808065023367, 0.01917821389478477]
[0.7688269152344283, -1.260930557401146, -1.699842735640579, -1.948901324400304, 0.3831667087586079, 1.916369152431944, -0.09842095483898672, -0.5258442128575423, -0.1114921789657628, 1.065586055041431, -2.037053887584049, 0.8407304961972965, 1.719660677481964, 0.01323541818981222]
[-0.0009476298127759856, -0.5082793776163859, 0.01250207624744073, -1.972994947733475, 0.005640491037837534, 2.005064348232266, -0.01074163616352755, 0.6836752575453374, 0.6409986995126798, -0.3019263089535408, -2.132021477183428, -0.7601227242681969, 1.917661313046547, 0.0209021969019055]
