--
[0, -0.5000000000000004, 0, -2, 0, 2, 0, 0, -0.5000000000000004, 0, -2, 0, 2, 0]
[0.5162324469770191, 0.5480118304808673, 0.2062648912624228, -2.194036159846061, 0.3611512780916737, 3.000307605942469, 0.1004410700905324, 0.005399681421004975, -0.4779724355880501, 0.01406669680098048, -2.016559111706709, -0.001432818403099669, 1.985966069476474, 0.008795343172292885]
[1.002570811904443, -1.241216883376065, -1.188779707306199, -1.897494640690438, -0.444872484073549, 1.88241762124815, -0.1001376696806951, -0.4719384610579418, -0.1672603516336887, 0.81909088499644, -2.174774154956332, 1.545968861049851, 1.977436532156285, 0.1001832997328659]
[0.009623741732974752, -0.5017653614852347, -0.026723514486483, -1.983495696799544, 0.00559887453830398, 2.008544842326238, -0.00276791260140569, -0.4281851869281346, 0.7644418609090601, 0.1071453320567405, -1.736501876249675, 0.4969227488012121, 1.712471619329087, -0.1046879390184092]
--
[0, -0.5000000000000004, 0, -2, 0, 2, 0, 0, -0.5000000000000004, 0, -2, 0, 2, 0]
[-0.1627895386202702, 0.5858266316166593, 0.5970408703480933, -2.292726684235541, 0.08593595467731409, 2.99999973402973, 0.02246403643221471, 0.01965416978406961, -0.4847750492049284, 0.01695444090714629, -2.029163648617588, -0.004144260147475538, 1.964900931812052, -0.003062169965538219]
[0.7646343357659046, -1.26210169681721, -1.626828753209213, -1.874687287478269, 0.1571286594792541, 1.921524170090909, -0.1002115744178386, -0.5122989030078579, -0.2936682376530907, 0.9631007301739918, -1.985898321553029, 0.8375252856981098, 1.781286076479542, 0.1002031930743103]
[0.01843224390935144, -0.5040573930835075, -0.03996709804994313, -1.980874666955501, 0.01787965495527759, 2.020514184391133, -0.005251028629079091, 0.405040752434547, 0.6336127054597942, -0.06409488105593339, -1.95517183409744, -0.5859704794102755, 1.87590123778572, -0.0839911336131202]
