--
[0, -0.5000000000000004, 0, -2, 0, 2, 0, 0, -0.5000000000000004, 0, -2, 0, 2, 0]
[0.1320313501693314, 0.7627930281458949, 0.522322541595033, -1.986378785293256, 0.1097248362083511, 2.999999008723996, 0.00834744183520309, -0.01025251128011501, -0.4999868323718307, -0.01252827278987551, -2.005977343751424, -0.0005889749385036469, 2.002727314651203, -0.007189216149825337]
[0.7292117865230411, -1.262800002857071, -1.598876992118421, -1.952736471192736, 0.3544140421905392, 1.945470066081865, 0.002747255978208812, -0.5174212166225709, -0.1376157111370016, 0.9023758029136529, -2.099818493361486, 0.9174962933642531, 1.784391999399956, 0.03122266214503626]
[0.01268869168286849, -0.4874629514766117, -0.004984817051576247, -2.011708445551027, -0.0004880526134674534, 1.989812418224957, -0.002016131920380393, 0.6107906338067103, 0.6922016627804393, -0.329900889046366, -1.967865572959207, -0.6031366351970104, 1.981852704257347, 0.027443594452146]
--
[0, -0.5000000000000004, 0, -2, 0, 2, 0, 0, -0.5000000000000004, 0, -2, 0, 2, 0]
[0.1045081189558252, 0.7629889060207189, 0.5623518571536693, -1.99260127667947, 0.3205438612909479, 3.000145259864638, 0.09394587683092555, 0.0006188855679180844, -0.4989092208187821, -0.001366781963592928, -2.027588596882683, -0.01161100307418824, 1.999831317613136, 0.003695858796964492]
[0.7266709287043442, -1.265132764788828, -1.650429940071323, -1.986443907346315, 0.3701594779993387, 1.916625913922981, -0.09402807393921421, -0.494008278852229, -0.1836328641503598, 1.01503586672572, -2.064566795854113, 0.6368954387965483, 1.924786651238656, 0.07996105003524913]
[0.009076172326013602, -0.5080480308596588, -0.001846751898827933, -2.001112447940923, -0.00877247079878736, 2.004028880929048, -0.007265540710632206, 0.5459035352208355, 0.6727238950325902, -0.252407871473891, -1.976610960605634, -0.6750425772422723, 1.951271210402423, -0.04112854655746979]
