--
[0, -0.5000000000000004, 0, -2, 0, 2, 0, 0, -0.5000000000000004, 0, -2, 0, 2, 0]
[-1.006088739839397, -1.266218077689157, 2.088170385253622, -2.200228007639296, 0.4837270957979808, 2.941156355370322, 0.1001004910292675, -0.01490287869467748, -0.4812474783196911, -0.003225300133726608, -1.998919042288585, 0.002647246711442578, 1.983445686201685, 0.0105469558643123]
[0.6726163601619015, -1.245767287121351, -1.240163433248964, -2.117631573021978, -0.6172832028485553, 2.410752595842035, -0.09999796872554677, -0.3990555566009316, -0.1770829721640852, 0.7628951003624423, -1.699973431382188, 0.8695734347412188, 1.781306198124207, 0.100024047772731]
[0.009270110839595251, -0.5017946766137781, -0.01296355488017903, -2.010667521491961, 0.007931139830239195, 1.988867413654751, -0.003840659706693794, 0.7124414955221222, 0.6014847072957675, -0.4039172288936895, -2.074050268564383, -0.3797073704614019, 2.124749383677996, -0.07338807819950775]
--
[0, -0.5000000000000004, 0, -2, 0, 2, 0, 0, -0.5000000000000004, 0, -2, 0, 2, 0]
[0.02428426444213703, 0.7627938200074972, 0.6758478528092118, -2.109776908517861, 0.1109926700109092, 2.999999562106078, 0.06378825089653654, -0.005989799982391511, -0.4833137480428586, -0.006720626706936482, -1.990206590570192, 0.01547868412611271, 1.992924720379853, 0.006772342029062627]
[0.8488357515152806, -1.263524407866785, -1.690291019853886, -1.802968841315099, 0.2816074256260025, 1.863592570172786, -0.09999978137728105, -0.6590613639395252, -0.353439694370376, 1.001535164625701, -2.076096614834765, 1.128551965465439, 1.845976091518957, 0.09334148696805708]
[0.008432026741343277, -0.4944054795845407, -0.0289237868955643, -2.029510391489796, 0.01085121512106049, 1.987558552675892, -0.01415149401596544, 0.3199085147337592, 0.5597269497932087, -0.04764747497166271, -2.022320079337786, -0.4781943930776071, 2.069900261355293, -0.07024403492613342]
