--
[0, -0.5000000000000004, 0, -2, 0, 2, 0, 0, -0.5000000000000004, 0, -2, 0, 2, 0]
[-0.305736027722017, 0.6411001431003344, 0.7348517543653912, -2.325364636012766, 0.06655291367333589, 2.999998542480731, -0.05697099279735001, -0.01506504829649754, -0.5003620938157133, -0.005867317075960931, -2.008947535244401, 0.008470132053228848, 2.024861365133202, -0.01468189192700994]
[0.8134581587440852, -1.262799346251007, -1.709864279077543, -1.892523354625412, 0.3555294038841217, 1.876742502019944, -0.09999966409822954, -0.4928815979596386, -0.1722522711522767, 0.9914318149334207, -2.083113561882586, 0.876399948324675, 1.822872167916129, 0.0769925076008488]
[0.01432923984344967, -0.4819098050288859, -0.01224034446653971, -2.006346121085731, 0.004671260468724323, 2.000508792789012, 0.005641796488564735, 0.4768499519913583, 0.6899679125008686, -0.1518273323805975, -1.936321831172664, -0.6885753763243739, 1.844776685237544, 0.04361191495894556]
--
[0, -0.5000000000000004, 0, -2, 0, 2, 0, 0, -0.5000000000000004, 0, -2, 0, 2, 0]
[0.1776286258630322, 0.4093223961865796, 0.3892478582880542, -2.438563856854849, 0.418629957439608, 3.000296920322121, -0.02733365243726955, -0.006875675087302679, -0.5119880964068882, 0.0113044646337376, -1.997476520185539, 0.01832843125700651, 2.009025081432189, -0.004533075989877245]
[0.7585010724632832, -1.260715206779986, -1.458442415314237, -1.973903299300874, 0.2440636954847246, 1.905050807218886, 0.0330893098897947, -0.2326341145108712, -0.06599330418419429, 0.7181961604427627, -1.884986441012525, 0.8767777952478716, 1.872976970958824, 0.06769463562942879]
[-0.02326933815052031, -0.4943783295590555, -0.009144430760643063, -2.002517986137792, 0.01707617408221337, 1.992864587408589, -0.0117931037468978, 0.2845907064501882, 0.7636113019320472, -0.0492085926249948, -1.709950875051079, -0.4746450527755719, 1.717855483311935, -0.07846070236597541]
