--
[0, -0.5000000000000004, 0, -2, 0, 2, 0, 0, -0.5000000000000004, 0, -2, 0, 2, 0]
[0.2641785896254509, 0.762787682114205, 0.4057302224275259, -1.908719133586162, 0.4573863694622909, 2.99999968912968, 0.09149242549834147, 0.0004018736437099763, -0.4956472393668929, -0.002048451736259303, -2.019619876897236, 0.01002201766889104, 2.020371868544097, -0.0300494592701365]
[0.8204561887136382, -1.264185532246504, -1.745397631312932, -1.887697422534316, 0.5142723334815995, 1.747754456973367, -0.05350943568727059, -0.3777199971958011, -0.2574790343897798, 0.9814274759238686, -2.061376787192629, 0.680568148695512, 1.814774836153469, -0.0590608896345295]
[0.002213664417210943, -0.4846604869098308, -0.02723624444729129, -1.995002233054163, 6.009333538676241e-05, 2.001472720215614, 0.01553649173389209, 0.6306595004577806, 0.762798310675421, -0.2720494108951317, -1.928885173239032, -0.7401029539779133, 1.784993957228955, 0.02853475813754124]
--
[0, -0.5000000000000004, 0, -2, 0, 2, 0, 0, -0.5000000000000004, 0, -2, 0, 2, 0]
[0.07445675660979838, 0.7629689016700152, 0.5849318049138837, -2.01323471951083, 0.2469162972928791, 3.000155211068237, 0.07878387264714704, -0.01788242492793785, -0.5015683765761243, -0.01673193132135687, -2.015284137935902, 0.0141463456129833, 1.999963487937003, -0.01749347471763494]
[0.7027960697496751, -1.26672101806583, -1.689018178862792, -1.942153470536247, 0.3126273780481291, 1.798232532677985, -0.06105099023811265, -0.4514737959390859, -0.2210437140014813, 0.9611172333698462, -2.172044979897346, 0.8376308477255452, 1.84052415576566, 0.01749499034665634]
[-0.01310671746649233, -0.5157065191941352, -0.01111052709486232, -2.022073771391172, 0.01185487427621784, 2.005373746669179, -0.01407012792309138, 0.5151281137944789, 0.7190381376315529, -0.2444720751720477, -1.885067734427547, -0.5966470445674588, 1.884959430585775, -0.03227011028358458]
