--
[0, -0.5000000000000004, 0, -2, 0, 2, 0, 0, -0.5000000000000004, 0, -2, 0, 2, 0]
[-1.002467078011475, -1.264337013779389, 2.097591375581952, -2.106445274491278, 0.6262718860828802, 2.871420124367827, 0.1000585804919739, 0.003968755352213303, -0.4826996933767904, 0.006507571835090541, -1.999464192737981, -0.00326261952962907, 2.002074110348405, -0.01506308619411195]
[0.9249869642904209, -1.248527705503578, -1.212469991853223, -1.847104706783587, -0.6800143415238222, 2.746833669057132, -0.09999997467643956, -0.5087014922224304, -0.4600484281548135, 0.5465158586702017, -1.895389915069192, 1.399670797822941, 1.907685152125748, 0.1000000182267538]
[-0.002394541692357515, -0.5108076278999035, -0.01713761727236118, -2.000032590032321, 0.009559070759586723, 1.983521997502176, -0.007270589454965351, 0.3337648774797303, 0.6096472873476058, -0.3031969873605551, -1.91359447585404, 0.1507115129768259, 2.05382815305482, -0.07742180625530408]
--
[0, -0.5000000000000004, 0, -2, 0, 2, 0, 0, -0.5000000000000004, 0, -2, 0, 2, 0]
[-1.00245494908556, -1.26433168359544, 2.097596962519737, -2.107009101085078, 0.6204114798187684, 2.872987430942209, 0.1000619224331035, -0.003122893675322412, -0.5122072768397098, -0.02396578343265287, -2.008668616183769, -0.01287418159278515, 1.999962268813181, -0.003026445334098217]
[0.5134234670196486, -1.006914576264791, -1.141530539650565, -1.942322613573234, -0.5936706958371003, 2.022074004501722, -0.07609253407931293, -0.6292630721093065, -0.2767882665136172, 0.7674921204247634, -1.895432061788352, 0.9770317830439444, 1.312147692278972, 0.09999999524021667]
[0.006671875515181621, -0.5163820983753696, -0.008230474518839067, -1.979824529144771, -0.01489445116358754, 2.003315999649762, -0.001361922941540722, -0.0219591336215172, 0.7515804626070278, 0.3022336406074858, -1.740596762786441, -0.6863980538835666, 1.699802515038308, -0.09962392062560511]
